# Time-averaged data for fix DENSAVG
# TimeStep v_dens v_vol
1000 0.880591 22543.5
2000 0.880806 22537.4
3000 0.882364 22497.7
4000 0.890674 22287.6
5000 0.882648 22490.4
6000 0.892271 22247.5
7000 0.886373 22397.3
8000 0.885516 22417.5
9000 0.890897 22282.3
10000 0.884823 22435.4
11000 0.891547 22266.4
12000 0.88666 22389.3
13000 0.888263 22348.2
14000 0.892721 22237.4
15000 0.885153 22426.7
16000 0.890347 22297.9
17000 0.89096 22281.2
18000 0.899096 22079.3
19000 0.89426 22198.3
20000 0.89725 22124.2
21000 0.885071 22429.4
22000 0.894568 22192.9
23000 0.890947 22283.4
24000 0.892592 22240.3
25000 0.88667 22388.4
26000 0.888498 22342.5
27000 0.889152 22325.7
28000 0.894612 22189.7
29000 0.889142 22326.5
30000 0.884565 22444.1
31000 0.880397 22548
32000 0.892581 22241.2
33000 0.89825 22100.1
34000 0.896703 22138.6
35000 0.89422 22199.1
36000 0.888168 22350.7
37000 0.900293 22049.6
38000 0.899078 22079.4
39000 0.902952 21984.9
40000 0.896507 22142.5
41000 0.904395 21949.6
42000 0.905225 21929.8
43000 0.895329 22172.1
44000 0.905737 21917.2
45000 0.908452 21851.3
46000 0.908849 21842.6
47000 0.907962 21863.9
48000 0.902001 22008.3
49000 0.904264 21953.3
50000 0.895377 22170.7
51000 0.891874 22257.5
52000 0.89903 22080.3
53000 0.894644 22189.6
54000 0.90433 21952.3
55000 0.89006 22304.2
56000 0.905468 21924.7
57000 0.899647 22065.6
58000 0.905987 21910.9
59000 0.909564 21826.3
60000 0.907171 21882.4
61000 0.904847 21939.7
62000 0.911748 21774.4
63000 0.899987 22057.1
64000 0.907674 21870.5
65000 0.897671 22114.1
66000 0.902842 21987.7
67000 0.901529 22019.7
68000 0.895507 22168.3
69000 0.899847 22060.7
70000 0.903601 21968.7
71000 0.898442 22095.4
72000 0.901552 22019.6
73000 0.904788 21940
74000 0.902857 21988.3
75000 0.906544 21897.7
76000 0.899503 22068.7
77000 0.897024 22129.8
78000 0.899062 22079.6
79000 0.897414 22120.5
80000 0.899056 22079.7
81000 0.892089 22253
82000 0.896105 22152.6
83000 0.900098 22054.6
84000 0.879769 22566.3
85000 0.894687 22187.9
86000 0.890501 22292.5
87000 0.905355 21926.3
88000 0.903875 21962.5
89000 0.904425 21949.2
90000 0.891386 22270.2
91000 0.905349 21926.5
92000 0.89679 22135.5
93000 0.894731 22186.8
94000 0.899538 22069.1
95000 0.891396 22269.9
96000 0.89487 22182.9
97000 0.897812 22110.7
98000 0.897039 22130.4
99000 0.90381 21964
100000 0.897409 22121.3
101000 0.901129 22029.2
102000 0.899833 22061.2
103000 0.882878 22484.9
104000 0.900191 22052.1
105000 0.893883 22208
106000 0.896995 22132.3
107000 0.911432 21781.5
108000 0.88912 22328.5
109000 0.896069 22153.6
110000 0.890941 22281.2
111000 0.882287 22499.7
112000 0.886926 22382
113000 0.890525 22293
114000 0.89314 22226
115000 0.888903 22331.9
116000 0.889321 22321.4
117000 0.890247 22299
118000 0.88262 22490.8
119000 0.889439 22319.8
120000 0.88541 22420.1
121000 0.897741 22112.4
122000 0.88662 22390.5
123000 0.889326 22321.9
124000 0.888395 22345
125000 0.88906 22329
126000 0.889185 22326.7
127000 0.891151 22277.1
128000 0.893335 22222.1
129000 0.892515 22241.4
130000 0.889686 22312.1
131000 0.888559 22341.8
132000 0.883418 22471.6
133000 0.892837 22233.4
134000 0.896711 22137.9
135000 0.882645 22491.1
136000 0.899158 22077.5
137000 0.883669 22464.6
138000 0.892564 22240.6
139000 0.893225 22224.2
140000 0.886914 22383
141000 0.891126 22276.8
142000 0.893335 22221.2
143000 0.892536 22241
144000 0.895261 22173.9
145000 0.896726 22137
146000 0.900555 22043.2
147000 0.891089 22278.7
148000 0.892945 22230.7
149000 0.893549 22216.5
150000 0.883532 22469.1
151000 0.894797 22185
152000 0.88932 22321.4
153000 0.898623 22091.9
154000 0.893219 22226.3
155000 0.890257 22298.3
156000 0.902731 21990
157000 0.894625 22189.1
158000 0.892137 22251.4
159000 0.896903 22133.2
160000 0.88853 22341.5
161000 0.895217 22174.6
162000 0.889671 22314.5
163000 0.890049 22303.3
164000 0.897596 22116
165000 0.897895 22108.7
166000 0.898433 22095.9
167000 0.896047 22154
168000 0.898736 22088
169000 0.899974 22059
170000 0.897624 22115.5
171000 0.889863 22310.5
172000 0.902963 21984.4
173000 0.892675 22238
174000 0.904369 21950.7
175000 0.897454 22120.5
176000 0.897293 22125.9
177000 0.890983 22282
178000 0.89791 22108.6
179000 0.89548 22168.4
180000 0.891283 22272.2
181000 0.90071 22040.3
182000 0.888735 22336.8
183000 0.899019 22080.8
184000 0.899102 22078.6
185000 0.891586 22265.1
186000 0.881133 22529.1
187000 0.893235 22225.4
188000 0.883699 22463.5
189000 0.885099 22428.6
190000 0.886125 22403.8
191000 0.875393 22678.2
192000 0.879166 22581.3
193000 0.882598 22491.5
194000 0.886798 22385.9
195000 0.886173 22401.7
196000 0.883175 22476.9
197000 0.874266 22706.7
198000 0.868263 22862.8
199000 0.871623 22775.1
200000 0.874009 22712.7
