# Time-averaged data for fix DENSAVG
# TimeStep v_dens v_vol
1000 0.998236 29254.1
2000 0.992256 29430.7
3000 1.00198 29146.3
4000 1.00272 29123.3
5000 0.996911 29292.7
6000 0.999656 29212.4
7000 1.0048 29062.9
8000 1.00479 29063.2
9000 0.998975 29232.2
10000 1.00491 29059.7
11000 0.995466 29336.2
12000 1.0021 29141
13000 1.00379 29092
14000 1.00333 29106.9
15000 1.00447 29072.8
16000 1.00451 29071.2
17000 1.00556 29040.7
18000 0.99847 29247.2
19000 1.00683 29004.7
20000 1.00489 29061.6
21000 1.00741 28987.5
22000 0.998132 29257.1
23000 1.00229 29135.9
24000 1.00656 29013.8
25000 1.00474 29065.2
26000 1.015 28772.6
27000 1.01017 28908.3
28000 1.00832 28962.6
29000 1.00629 29020.4
30000 1.00313 29111.6
31000 1.00753 28984.6
32000 1.0103 28904.7
33000 1.01007 28911.2
34000 1.00741 28988
35000 1.01061 28896.1
36000 1.01679 28720.2
37000 1.01482 28775.8
38000 1.01592 28744.9
39000 1.01322 28821.4
40000 1.01935 28648.7
41000 1.01666 28723.9
42000 1.01858 28670.3
43000 1.01599 28742.9
44000 1.02292 28548
45000 1.01737 28703.6
46000 1.02016 28625.2
47000 1.02059 28613.1
48000 1.01741 28703.4
49000 1.01959 28641.5
50000 1.01958 28642
51000 1.01671 28722.7
52000 1.0235 28532.3
53000 1.02421 28513.7
54000 1.02204 28573
55000 1.01659 28726
56000 1.02073 28609.5
57000 1.01626 28735.7
58000 1.02237 28565.4
59000 1.01601 28742.5
60000 1.01989 28633.1
61000 1.0209 28604.5
62000 1.0208 28608.1
63000 1.02251 28559.5
64000 1.02189 28577.1
65000 1.02092 28605
66000 1.01702 28716.3
67000 1.01695 28715.6
68000 1.02474 28497.6
69000 1.01834 28676.7
70000 1.01705 28713
71000 1.02587 28465.8
72000 1.02316 28543.5
73000 1.02179 28580.4
74000 1.01871 28666
75000 1.01585 28747.6
76000 1.02422 28513.2
77000 1.02531 28481.9
78000 1.01944 28645.3
79000 1.0226 28557.2
80000 1.02042 28618.1
81000 1.02393 28520.4
82000 1.02869 28388.3
83000 1.02416 28514.9
84000 1.02647 28451.3
85000 1.02821 28401.5
86000 1.03094 28325.9
87000 1.02491 28492.6
88000 1.02557 28474.7
89000 1.02499 28491
90000 1.02427 28511.8
91000 1.02269 28554.6
92000 1.02576 28469.4
93000 1.02518 28484.9
94000 1.03014 28348.3
95000 1.02451 28503.8
96000 1.0226 28557.7
97000 1.02369 28528.4
98000 1.0239 28520.8
99000 1.02006 28628
100000 1.02658 28446.5
101000 1.02489 28493.8
102000 1.02862 28389.8
103000 1.02738 28424.5
104000 1.02486 28494.7
105000 1.02542 28478.5
106000 1.0269 28438.1
107000 1.02799 28408.1
108000 1.02852 28392.4
109000 1.03247 28284.2
110000 1.02336 28536.3
111000 1.0276 28418.6
112000 1.02896 28380.5
113000 1.02701 28434.7
114000 1.02985 28356.1
115000 1.02818 28402.5
116000 1.0223 28565.3
117000 1.02674 28441.6
118000 1.02761 28418.8
119000 1.02841 28396.1
120000 1.03472 28222.6
121000 1.0326 28280.6
122000 1.03418 28237.7
123000 1.0337 28250.4
124000 1.02958 28363.5
125000 1.03143 28312.4
126000 1.03191 28299.9
127000 1.03469 28223.2
128000 1.03201 28296.6
129000 1.03307 28267.5
130000 1.02931 28371.6
131000 1.03211 28294.5
132000 1.0291 28376.9
133000 1.02653 28448.2
134000 1.02779 28412.9
135000 1.02637 28453.6
136000 1.02908 28377.7
137000 1.02868 28388.6
138000 1.02851 28392.7
139000 1.02599 28462.9
140000 1.03024 28345
141000 1.02904 28378.6
142000 1.02827 28399.5
143000 1.03011 28349.1
144000 1.02612 28459
145000 1.0293 28370.9
146000 1.02571 28470.8
147000 1.02665 28444.7
148000 1.02548 28477.7
149000 1.02361 28528.9
150000 1.02605 28460.8
151000 1.03012 28348.7
152000 1.02726 28427.5
153000 1.02797 28408.9
154000 1.0325 28283.2
155000 1.03042 28340.5
156000 1.03237 28286.8
157000 1.03098 28324.6
158000 1.03351 28255.4
159000 1.0295 28365.6
160000 1.03008 28349.9
161000 1.02919 28376.1
162000 1.03263 28279.8
163000 1.03355 28254.7
164000 1.0342 28236.8
165000 1.03448 28229.3
166000 1.03447 28229.3
167000 1.03269 28278.1
168000 1.03145 28312.2
169000 1.02719 28429.8
170000 1.03061 28335.1
171000 1.02786 28411.2
172000 1.02621 28456.5
173000 1.02969 28360.3
174000 1.02747 28421.9
175000 1.03235 28287.9
176000 1.0312 28318.8
177000 1.03192 28299.1
178000 1.0345 28229.1
179000 1.03235 28287.3
180000 1.0347 28223
181000 1.03025 28344.8
182000 1.03136 28314.9
183000 1.03224 28290.5
184000 1.02439 28508.8
185000 1.03137 28314.2
186000 1.03365 28252.5
187000 1.03288 28272.7
188000 1.02703 28433.9
189000 1.02832 28398.8
190000 1.0323 28288.9
191000 1.03148 28312.4
192000 1.03575 28197.2
193000 1.0401 28076.6
194000 1.03854 28119
195000 1.03634 28178.7
196000 1.03533 28205.7
197000 1.03446 28229.8
198000 1.03384 28246.4
199000 1.04068 28061.4
200000 1.0383 28125.8
