# Time-averaged data for fix DENSAVG
# TimeStep v_dens v_vol
1000 0.877615 22288.4
2000 0.885159 22098.8
3000 0.874646 22365
4000 0.885606 22087.5
5000 0.884708 22109.9
6000 0.882016 22177.1
7000 0.88752 22040.1
8000 0.892386 21921.9
9000 0.884851 22106.4
10000 0.885346 22093.8
11000 0.889266 21996.2
12000 0.888592 22013.1
13000 0.888941 22005.5
14000 0.886629 22062
15000 0.890894 21956.9
16000 0.891006 21953.2
17000 0.884058 22125.7
18000 0.889884 21980.9
19000 0.895627 21840.1
20000 0.896358 21822.5
21000 0.890803 21961.9
22000 0.889433 21993.9
23000 0.884659 22111
24000 0.900429 21724.2
25000 0.888828 22007.1
26000 0.894024 21879.9
27000 0.893718 21888.2
28000 0.891392 21943.8
29000 0.88907 22002.5
30000 0.897515 21794.3
31000 0.90136 21701
32000 0.896622 21816.1
33000 0.893453 21894
34000 0.900198 21729.1
35000 0.893028 21903.7
36000 0.89209 21928.2
37000 0.893535 21891.2
38000 0.890601 21963.7
39000 0.895016 21856.1
40000 0.894727 21862.3
41000 0.89415 21877.8
42000 0.894168 21876.2
43000 0.885871 22080.8
44000 0.899866 21740.1
45000 0.891173 21949.1
46000 0.888706 22010.1
47000 0.892363 21920
48000 0.892846 21908.9
49000 0.893094 21902.8
50000 0.894014 21880.8
51000 0.891219 21948.2
52000 0.891503 21941.3
53000 0.896541 21820
54000 0.896271 21825.1
55000 0.897071 21805.1
56000 0.90175 21691.8
57000 0.899344 21749.7
58000 0.898988 21760
59000 0.895579 21842.7
60000 0.896745 21813
61000 0.8997 21742.7
62000 0.902584 21671.7
63000 0.896527 21819
64000 0.904863 21617.1
65000 0.899203 21753.7
66000 0.90364 21646.9
67000 0.909227 21513.5
68000 0.896034 21830.1
69000 0.895824 21835.8
70000 0.893891 21883.8
71000 0.903395 21653.6
72000 0.89807 21781.1
73000 0.902557 21672.6
74000 0.906467 21579.5
75000 0.905857 21594
76000 0.911867 21451.3
77000 0.909883 21498.1
78000 0.909847 21499.1
79000 0.90265 21670.2
80000 0.908263 21536.2
81000 0.904753 21621.3
82000 0.897776 21787.8
83000 0.905071 21612.4
84000 0.911229 21466
85000 0.909716 21501.7
86000 0.908377 21533.9
87000 0.913173 21421.1
88000 0.908465 21531.5
89000 0.911886 21451.3
90000 0.906486 21579.3
91000 0.907068 21565
92000 0.907541 21553.7
93000 0.898197 21777.6
94000 0.900207 21729.2
95000 0.907005 21566.9
96000 0.897206 21802.3
97000 0.905118 21611.3
98000 0.904341 21632.3
99000 0.899577 21744.7
100000 0.90359 21648.2
101000 0.901851 21689.5
102000 0.887444 22043.4
103000 0.89096 21954.3
104000 0.892396 21920.2
105000 0.891585 21940
106000 0.898776 21763.8
107000 0.900165 21731.7
108000 0.892652 21914.7
109000 0.896096 21829.6
110000 0.896657 21815.5
111000 0.901406 21700.1
112000 0.901952 21686.7
113000 0.898941 21759.9
114000 0.902713 21669.7
115000 0.897496 21796.3
116000 0.898624 21767.5
117000 0.899266 21751.7
118000 0.896796 21811.5
119000 0.899567 21744.9
120000 0.904381 21629.7
121000 0.901834 21689.8
122000 0.898903 21762.2
123000 0.904235 21632.6
124000 0.898751 21764.3
125000 0.905326 21607.2
126000 0.899207 21753.5
127000 0.896747 21813
128000 0.900235 21730.8
129000 0.899679 21741.7
130000 0.903164 21658.2
131000 0.90071 21717
132000 0.893943 21882
133000 0.903744 21644.2
134000 0.907474 21556.1
135000 0.903112 21660.8
136000 0.893856 21885.1
137000 0.901693 21693.2
138000 0.904569 21624.7
139000 0.902047 21684.9
140000 0.897441 21796.7
141000 0.896605 21817.6
142000 0.892392 21919.7
143000 0.900258 21728.7
144000 0.899028 21758.4
145000 0.905265 21607.8
146000 0.898685 21765.8
147000 0.908625 21527.6
148000 0.903731 21644.6
149000 0.893657 21888.9
150000 0.886694 22059.9
151000 0.900207 21729.1
152000 0.899689 21741.3
153000 0.891903 21933.4
154000 0.892795 21910.5
155000 0.892997 21905.8
156000 0.899102 21755.8
157000 0.901051 21708.7
158000 0.892816 21909.8
159000 0.906642 21574.6
160000 0.897385 21797.3
161000 0.900236 21729.3
162000 0.907363 21560.5
163000 0.90964 21503.7
164000 0.901954 21687.1
165000 0.896871 21809.9
166000 0.89862 21767.7
167000 0.898807 21763.8
168000 0.896289 21825.4
169000 0.894338 21871.6
170000 0.893283 21898.4
171000 0.894624 21864.6
172000 0.898628 21767
173000 0.89804 21782.7
174000 0.890362 21969.2
175000 0.884142 22126.5
176000 0.885965 22080
177000 0.892898 21907
178000 0.893035 21903.3
179000 0.89103 21954.6
180000 0.890869 21956.7
181000 0.8918 21933.8
182000 0.899407 21748.5
183000 0.906373 21581.4
184000 0.903034 21661.4
185000 0.898942 21759.5
186000 0.897943 21783.8
187000 0.899756 21740.1
188000 0.904058 21637.4
189000 0.902138 21682.3
190000 0.898422 21773
191000 0.910063 21494.6
192000 0.900731 21716.8
193000 0.904678 21621.5
194000 0.90165 21694.3
195000 0.902752 21669.7
196000 0.895465 21844.9
197000 0.89997 21734.6
198000 0.907995 21543.7
199000 0.89332 21896.5
200000 0.90066 21718.3
