# Time-averaged data for fix DENSAVG
# TimeStep v_dens v_vol
1000 0.930467 28408.4
2000 0.940187 28113.6
3000 0.938371 28168.3
4000 0.942264 28052.3
5000 0.954819 27683.1
6000 0.950458 27810.9
7000 0.946015 27943.3
8000 0.941503 28075.1
9000 0.948945 27854.2
10000 0.945549 27954.4
11000 0.952679 27745
12000 0.950497 27808.7
13000 0.945173 27965.5
14000 0.944174 27995.3
15000 0.943333 28021
16000 0.937295 28201.1
17000 0.942432 28046.7
18000 0.94379 28006.4
19000 0.939785 28126.2
20000 0.944659 27980.6
21000 0.939944 28121.4
22000 0.941239 28083.3
23000 0.933861 28304.3
24000 0.940397 28107.4
25000 0.93761 28191.9
26000 0.940037 28120.9
27000 0.944605 27982.2
28000 0.947203 27905.8
29000 0.94448 27986.2
30000 0.944857 27975.1
31000 0.9364 28228.2
32000 0.938508 28165.2
33000 0.934018 28299.4
34000 0.939867 28123.6
35000 0.939825 28125.2
36000 0.948459 27870.9
37000 0.938646 28161.6
38000 0.951437 27781.4
39000 0.947972 27883.1
40000 0.950584 27806.5
41000 0.94407 27999.2
42000 0.943712 28010.5
43000 0.940234 28112.9
44000 0.941709 28069.3
45000 0.944534 27984.4
46000 0.947381 27900.8
47000 0.944119 27998.2
48000 0.944093 27997.9
49000 0.942131 28055.7
50000 0.94034 28109
51000 0.939987 28120.1
52000 0.948978 27854.2
53000 0.94093 28092
54000 0.94645 27928.5
55000 0.953115 27732.3
56000 0.9579 27594.7
57000 0.956112 27647.6
58000 0.946841 27917.7
59000 0.9517 27773.9
60000 0.946579 27925.3
61000 0.955535 27662.9
62000 0.950876 27797.7
63000 0.950767 27800.8
64000 0.953801 27712.5
65000 0.950848 27799.5
66000 0.948303 27873.1
67000 0.954279 27698.8
68000 0.946453 27928.4
69000 0.953502 27722.1
70000 0.956183 27643.3
71000 0.95799 27592.1
72000 0.958222 27585
73000 0.950805 27800.1
74000 0.949079 27850.8
75000 0.953193 27731.7
76000 0.955213 27673.5
77000 0.950964 27799.7
78000 0.962964 27448.9
79000 0.962026 27475.5
80000 0.959146 27560.2
81000 0.949101 27849.8
82000 0.957276 27612.2
83000 0.952489 27750.9
84000 0.951573 27778.3
85000 0.951075 27792.3
86000 0.952161 27761.4
87000 0.948855 27857.5
88000 0.955973 27649.5
89000 0.953355 27725.5
90000 0.955853 27654.5
91000 0.960876 27508.5
92000 0.956891 27623.1
93000 0.9643 27410.7
94000 0.965241 27384
95000 0.957893 27594.4
96000 0.966501 27348.6
97000 0.963009 27448.4
98000 0.957747 27598.4
99000 0.954322 27697.9
100000 0.951775 27772.1
101000 0.952796 27741.6
102000 0.960659 27514.7
103000 0.948855 27857.4
104000 0.95659 27632.3
105000 0.951285 27786.5
106000 0.958213 27585
107000 0.956345 27638.9
108000 0.951475 27780.9
109000 0.946372 27930.5
110000 0.943527 28014.7
111000 0.952385 27754.9
112000 0.950111 27820.5
113000 0.955618 27661.3
114000 0.959064 27560.5
115000 0.961768 27483.4
116000 0.959579 27546.6
117000 0.960958 27506
118000 0.952915 27739.5
119000 0.954466 27693.2
120000 0.956071 27646.8
121000 0.953994 27707
122000 0.945901 27944.1
123000 0.956078 27647.6
124000 0.950115 27820.3
125000 0.953569 27719.9
126000 0.954853 27682.1
127000 0.951053 27792.5
128000 0.950707 27803.5
129000 0.957697 27599.6
130000 0.958235 27584.2
131000 0.952788 27742.1
132000 0.95666 27629.6
133000 0.947684 27892.1
134000 0.949149 27848.8
135000 0.948524 27867.9
136000 0.949126 27849.2
137000 0.947138 27907.7
138000 0.9493 27843.8
139000 0.94104 28088.4
140000 0.949007 27852.7
141000 0.941819 28065.3
142000 0.945159 27966.3
143000 0.954975 27680
144000 0.946061 27939.9
145000 0.946822 27919
146000 0.950489 27809
147000 0.949531 27838.8
148000 0.955635 27659.7
149000 0.954724 27686.3
150000 0.954958 27680
151000 0.947927 27885.5
152000 0.951519 27779.6
153000 0.95456 27690.6
154000 0.951825 27770
155000 0.955237 27672.5
156000 0.950312 27814.6
157000 0.948815 27861.6
158000 0.945197 27964.8
159000 0.947647 27892.5
160000 0.940119 28117.3
161000 0.945632 27951.8
162000 0.94856 27865.6
163000 0.944888 27974.1
164000 0.951913 27767.5
165000 0.953691 27716.6
166000 0.945076 27970.1
167000 0.944352 27990.5
168000 0.940906 28092.7
169000 0.94762 27894.6
170000 0.942664 28040.3
171000 0.941878 28063.3
172000 0.944431 27987.3
173000 0.9452 27964.9
174000 0.947689 27894.8
175000 0.942547 28044.5
176000 0.927977 28485.4
177000 0.93527 28262.3
178000 0.932455 28347.4
179000 0.942508 28044.8
180000 0.939648 28130.3
181000 0.94129 28081
182000 0.946451 27928
183000 0.940814 28095.1
184000 0.939124 28146.4
185000 0.947865 27888
186000 0.940429 28106.9
187000 0.94854 27866.2
188000 0.950785 27800.6
189000 0.943193 28025.6
190000 0.943483 28015.8
191000 0.946318 27931.7
192000 0.950919 27797.8
193000 0.943592 28013.7
194000 0.948726 27861.3
195000 0.941485 28075.1
196000 0.947856 27886.2
197000 0.95388 27710.4
198000 0.938909 28152.6
199000 0.946591 27923.5
200000 0.948188 27877.1
