# Time-averaged data for fix DENSAVG
# TimeStep v_dens v_vol
1000 0.997878 25516.9
2000 1.00065 25444.7
3000 0.99486 25593.4
4000 0.997797 25517.8
5000 1.0041 25358.2
6000 0.999969 25463
7000 0.991322 25684.6
8000 0.988372 25760.9
9000 0.987015 25797.4
10000 0.993739 25621.9
11000 0.99752 25524.8
12000 0.992236 25660.9
13000 0.998301 25504.7
14000 0.992453 25655.1
15000 0.993772 25620.9
16000 0.9905 25705.8
17000 0.991059 25691.3
18000 0.988018 25770.6
19000 0.999083 25486
20000 0.993644 25624.2
21000 0.99898 25488.1
22000 0.999076 25485.3
23000 0.994494 25602.4
24000 0.995047 25588
25000 0.997507 25525.5
26000 0.998479 25502.2
27000 1.00314 25381.9
28000 1.0006 25446.1
29000 0.999187 25482
30000 1.00002 25461.5
31000 0.996723 25545
32000 1.00167 25419.1
33000 0.998286 25505.2
34000 1.00212 25407.5
35000 1.00178 25416.8
36000 0.992382 25657.3
37000 1.00274 25392.4
38000 0.999485 25475.3
39000 1.00336 25375.9
40000 1.0055 25322
41000 1.00672 25292
42000 1.00731 25277.3
43000 1.00112 25434.2
44000 0.996122 25561.1
45000 0.994208 25610.1
46000 0.986578 25808.2
47000 0.992899 25643.8
48000 0.991498 25679.6
49000 0.988569 25755.9
50000 1.00298 25385.9
51000 1.00273 25391.8
52000 1.00652 25296.5
53000 1.00258 25396.6
54000 1.00191 25412.9
55000 1.00151 25422.9
56000 1.00042 25450.8
57000 0.999635 25472.1
58000 1.00103 25436.2
59000 1.00829 25252.4
60000 1.00499 25335.4
61000 1.00665 25293.2
62000 1.00255 25396.7
63000 1.00227 25403.9
64000 1.00232 25403.4
65000 1.01173 25166.4
66000 1.00252 25397.4
67000 1.00235 25402
68000 1.00896 25235.2
69000 1.01316 25131.2
70000 1.01294 25136.2
71000 1.01148 25172.3
72000 1.01033 25201.5
73000 1.01071 25191.6
74000 1.0073 25276.9
75000 1.0096 25219.4
76000 1.01411 25107.5
77000 1.01361 25120.1
78000 1.00984 25213.6
79000 1.01391 25112.2
80000 1.01448 25097.7
81000 1.01101 25184.2
82000 1.00857 25245.2
83000 1.00449 25347.5
84000 1.00695 25285.9
85000 1.00348 25373.1
86000 1.00914 25230.7
87000 1.00957 25221.7
88000 1.00765 25268.4
89000 1.00731 25276.5
90000 1.01132 25176.2
91000 1.01562 25070.4
92000 1.01385 25113.5
93000 1.01664 25044.7
94000 1.01549 25072.9
95000 1.01099 25185.1
96000 1.01505 25085.9
97000 1.01026 25203.3
98000 1.01782 25015.9
99000 1.01382 25114.6
100000 1.01421 25105
101000 1.01526 25079
102000 1.01761 25020.7
103000 1.01007 25207.4
104000 1.01339 25125.1
105000 1.0127 25142.2
106000 1.01 25209.6
107000 1.01294 25136.9
108000 1.01623 25054.6
109000 1.01667 25043.8
110000 1.01783 25015.6
111000 1.01644 25049.9
112000 1.01178 25165.6
113000 1.01457 25095.6
114000 1.01771 25018.2
115000 1.01684 25039.8
116000 1.01255 25146
117000 1.01856 24997.5
118000 1.01542 25075.2
119000 1.01463 25094.6
120000 1.01701 25035.5
121000 1.01786 25014.6
122000 1.0161 25058
123000 1.01643 25051.6
124000 1.00577 25315.2
125000 1.01109 25182.6
126000 1.00946 25223.2
127000 1.00861 25243.9
128000 1.01199 25159.7
129000 1.00353 25371.9
130000 1.00331 25377.4
131000 1.00517 25330.3
132000 1.01148 25174.4
133000 1.00742 25273.9
134000 1.01225 25153.3
135000 1.01411 25107
136000 1.00775 25265.7
137000 1.01034 25200.7
138000 1.01032 25202.5
139000 1.01072 25192.5
140000 1.01357 25120.8
141000 1.01819 25007.1
142000 1.01342 25124.4
143000 1.01945 24975.7
144000 1.01941 24977.4
145000 1.01636 25052.3
146000 1.01958 24972.6
147000 1.01648 25048.9
148000 1.02271 24895.8
149000 1.02014 24958.7
150000 1.02135 24929.1
151000 1.02188 24916.6
152000 1.0245 24853
153000 1.02045 24951.4
154000 1.02329 24881.7
155000 1.02341 24878.9
156000 1.01781 25015.8
157000 1.01983 24966.1
158000 1.02215 24909.5
159000 1.01837 25003.2
160000 1.02234 24905.1
161000 1.01989 24964.6
162000 1.02112 24934.9
163000 1.02051 24950.4
164000 1.01571 25067.9
165000 1.02078 24942.9
166000 1.01828 25004.2
167000 1.01631 25052.7
168000 1.01903 24986.3
169000 1.01857 24998
170000 1.0205 24950.7
171000 1.01938 24977.2
172000 1.01668 25044.7
173000 1.01646 25048.9
174000 1.00862 25244.6
175000 1.01283 25139.6
176000 1.01539 25075.5
177000 1.01373 25116.6
178000 1.01211 25158.9
179000 1.00903 25233.7
180000 1.01399 25110.9
181000 1.01198 25160.6
182000 1.00885 25237.8
183000 1.01105 25183.3
184000 1.01204 25158.7
185000 1.00672 25291.8
186000 1.00774 25265.7
187000 1.01634 25052
188000 1.00713 25281.3
189000 1.01358 25120.6
190000 1.01503 25084.5
191000 1.00897 25234.9
192000 1.00838 25250.1
193000 1.01212 25159.2
194000 1.01001 25209.1
195000 1.00929 25227.1
196000 1.0117 25167
197000 1.01129 25178.4
198000 1.00645 25299.6
199000 1.01177 25165
200000 1.01306 25133.1
