# Time-averaged data for fix DENSAVG
# TimeStep v_dens v_vol
1000 0.936386 21052.2
2000 0.938902 20997.3
3000 0.9249 21315.1
4000 0.940218 20967.1
5000 0.944082 20881.6
6000 0.936681 21045.7
7000 0.948075 20792.6
8000 0.929861 21200
9000 0.948361 20786.8
10000 0.945271 20854.4
11000 0.941512 20938.2
12000 0.942508 20915.9
13000 0.932704 21135.7
14000 0.945541 20848.6
15000 0.945272 20854.7
16000 0.951838 20710.5
17000 0.937533 21027.2
18000 0.944214 20877.8
19000 0.949361 20765.6
20000 0.946408 20829.3
21000 0.952975 20686.5
22000 0.9541 20661.6
23000 0.951422 20719.5
24000 0.947041 20815.2
25000 0.954784 20647.2
26000 0.950124 20748.1
27000 0.960073 20533.7
28000 0.95526 20637.6
29000 0.963034 20470.5
30000 0.952579 20694.7
31000 0.952392 20698.5
32000 0.952445 20697.1
33000 0.941611 20935.5
34000 0.960614 20521.9
35000 0.954842 20645.1
36000 0.950454 20740.9
37000 0.95139 20720.7
38000 0.959346 20549.5
39000 0.953993 20664.9
40000 0.948465 20784.5
41000 0.95981 20539.6
42000 0.962646 20479
43000 0.962699 20477.7
44000 0.944352 20874.9
45000 0.966133 20405.1
46000 0.946981 20817.1
47000 0.967459 20378.8
48000 0.959656 20543.1
49000 0.956677 20605.7
50000 0.963389 20463.3
51000 0.948481 20785.5
52000 0.962011 20492.2
53000 0.964193 20446.3
54000 0.959832 20538.7
55000 0.947851 20797.4
56000 0.947286 20810.8
57000 0.956147 20617.1
58000 0.954745 20647.9
59000 0.948958 20773.7
60000 0.962092 20489.7
61000 0.960588 20521.9
62000 0.96738 20378.1
63000 0.961766 20496.9
64000 0.964059 20448.6
65000 0.97263 20267.6
66000 0.962499 20481.6
67000 0.974409 20231.1
68000 0.967437 20377.3
69000 0.965584 20415.9
70000 0.971424 20293.1
71000 0.967656 20372.2
72000 0.968302 20358.3
73000 0.97095 20302.9
74000 0.969499 20333.4
75000 0.965538 20416.6
76000 0.964912 20429.8
77000 0.973687 20245.9
78000 0.972144 20278.8
79000 0.965332 20420.8
80000 0.96859 20352.3
81000 0.971164 20299
82000 0.964757 20433.2
83000 0.961006 20513.1
84000 0.962533 20480.8
85000 0.965208 20424.2
86000 0.962348 20485.9
87000 0.964177 20445.5
88000 0.956667 20606
89000 0.960789 20518.1
90000 0.975694 20204.8
91000 0.966567 20395
92000 0.970529 20312.1
93000 0.975367 20211
94000 0.97247 20271.1
95000 0.974792 20223.4
96000 0.969671 20329.8
97000 0.969942 20324.9
98000 0.961419 20504.5
99000 0.967011 20385.4
100000 0.969362 20339
101000 0.955942 20622.5
102000 0.963269 20465.5
103000 0.96048 20524.6
104000 0.963986 20449.8
105000 0.962304 20485.2
106000 0.972954 20261.6
107000 0.971688 20287.5
108000 0.976214 20193.5
109000 0.966212 20405
110000 0.969021 20344.3
111000 0.960192 20530.3
112000 0.967378 20377.9
113000 0.972697 20266.6
114000 0.962303 20487.9
115000 0.964303 20444.6
116000 0.965822 20410.5
117000 0.961928 20493.6
118000 0.975291 20212.5
119000 0.967941 20367.4
120000 0.973088 20258.7
121000 0.967068 20384.9
122000 0.978041 20156.1
123000 0.967226 20381
124000 0.97139 20293.5
125000 0.967006 20386.7
126000 0.966205 20402.5
127000 0.966475 20397.3
128000 0.971337 20294.9
129000 0.969296 20338.2
130000 0.969377 20336.1
131000 0.972477 20271.4
132000 0.972394 20273.1
133000 0.974643 20225.9
134000 0.971021 20301.6
135000 0.975596 20206.3
136000 0.970137 20320.1
137000 0.974005 20239
138000 0.973019 20259.7
139000 0.971565 20290
140000 0.967989 20365.2
141000 0.966374 20399.5
142000 0.980938 20096.5
143000 0.963993 20449.4
144000 0.972274 20275.2
145000 0.978378 20148.6
146000 0.960316 20528
147000 0.9759 20200.5
148000 0.965334 20421.3
149000 0.967432 20377.1
150000 0.963022 20471.3
151000 0.968832 20347.1
152000 0.963076 20469
153000 0.97003 20325.3
154000 0.980667 20103.6
155000 0.972341 20274
156000 0.983902 20036.6
157000 0.974264 20235
158000 0.97774 20161.9
159000 0.97524 20213.4
160000 0.981741 20080.1
161000 0.9804 20107.8
162000 0.979363 20129.1
163000 0.985629 20001.3
164000 0.971071 20300.8
165000 0.987539 19961.9
166000 0.979347 20129
167000 0.986859 19975.5
168000 0.979515 20127.3
169000 0.982946 20055.6
170000 0.981573 20083.4
171000 0.98375 20038.9
172000 0.984231 20028.8
173000 0.977663 20163.5
174000 0.985412 20005.1
175000 0.984273 20028
176000 0.980677 20101.6
177000 0.984812 20018.4
178000 0.99321 19847.9
179000 0.980467 20105.7
180000 0.984969 20013.9
181000 0.97855 20145.4
182000 0.979792 20119.9
183000 0.988109 19952.1
184000 0.977845 20159.5
185000 0.988176 19948.8
186000 0.982678 20060.7
187000 0.974079 20237.8
188000 0.982719 20059.6
189000 0.976099 20197.3
190000 0.98523 20008.6
191000 0.988756 19937.3
192000 0.97879 20141
193000 0.981538 20084.9
194000 0.980623 20102.8
195000 0.978392 20148.6
196000 0.984889 20019.1
197000 0.98097 20096.4
198000 0.978742 20141.6
199000 0.979632 20123.6
200000 0.978081 20155.4
