# Time-averaged data for fix DENSAVG
# TimeStep v_dens v_vol
1000 1.02993 19176.7
2000 1.03412 19098.4
3000 1.0287 19200.9
4000 1.0235 19296.9
5000 1.02519 19264.9
6000 1.02522 19264.3
7000 1.0319 19140
8000 1.02316 19302.9
9000 1.01784 19404.1
10000 1.02756 19221.8
11000 1.02851 19202.8
12000 1.02479 19272.4
13000 1.03513 19079.8
14000 1.03166 19144.4
15000 1.01872 19387.5
16000 1.02788 19214.3
17000 1.02615 19246.6
18000 1.02283 19309.1
19000 1.02466 19275
20000 1.02215 19322.5
21000 1.03443 19092.7
22000 1.03535 19075.5
23000 1.0262 19247.8
24000 1.03192 19139
25000 1.03304 19118.2
26000 1.02553 19259.2
27000 1.0343 19095.4
28000 1.03662 19052.5
29000 1.03108 19154.7
30000 1.03663 19052.4
31000 1.02463 19275.4
32000 1.02947 19184.9
33000 1.03219 19134.3
34000 1.04016 18987.4
35000 1.03163 19144.6
36000 1.03016 19172.2
37000 1.03915 19006.4
38000 1.03412 19099.8
39000 1.02933 19187.6
40000 1.03233 19132.3
41000 1.0306 19166.6
42000 1.03464 19089.7
43000 1.03241 19130
44000 1.02939 19186.3
45000 1.02907 19192.8
46000 1.03881 19013.5
47000 1.03565 19070.8
48000 1.02621 19246.2
49000 1.04534 18893.5
50000 1.03983 18993.7
51000 1.0381 19025.5
52000 1.03276 19124.4
53000 1.03191 19139.1
54000 1.02486 19271.4
55000 1.02673 19236.7
56000 1.0316 19145.9
57000 1.02256 19315.3
58000 1.03811 19025.4
59000 1.03829 19021.9
60000 1.03954 18999.6
61000 1.0468 18867.6
62000 1.03367 19108.3
63000 1.04104 18971.5
64000 1.03648 19054.8
65000 1.03755 19035.7
66000 1.03276 19124.4
67000 1.03964 18997.2
68000 1.03531 19078.4
69000 1.03593 19065.1
70000 1.04255 18944.4
71000 1.04511 18897.9
72000 1.04244 18946.2
73000 1.04361 18925.3
74000 1.05273 18760.8
75000 1.05099 18793.8
76000 1.03139 19149
77000 1.04106 18971.1
78000 1.05065 18798
79000 1.03462 19089
80000 1.04229 18950.4
81000 1.04023 18987.5
82000 1.02697 19231.5
83000 1.04248 18946.2
84000 1.04473 18904.2
85000 1.03772 19032.4
86000 1.04671 18871.5
87000 1.04506 18898.3
88000 1.04765 18853.2
89000 1.06296 18580.6
90000 1.05538 18714.4
91000 1.05181 18777.1
92000 1.05127 18786.8
93000 1.05312 18753.7
94000 1.05327 18751.1
95000 1.04855 18835.4
96000 1.05098 18794
97000 1.05922 18647.3
98000 1.05706 18683.7
99000 1.05889 18651.6
100000 1.055 18720.8
101000 1.05522 18716.5
102000 1.05612 18700.7
103000 1.06662 18516.6
104000 1.06627 18523.7
105000 1.05744 18677.4
106000 1.06871 18480.9
107000 1.05976 18637.4
108000 1.06553 18535.8
109000 1.06255 18587.6
110000 1.06544 18537.4
111000 1.06904 18475
112000 1.06754 18500.7
113000 1.07263 18412.7
114000 1.07184 18426.7
115000 1.06803 18491.9
116000 1.06931 18470
117000 1.06575 18532.6
118000 1.06519 18541.2
119000 1.06724 18506.9
120000 1.0686 18482.4
121000 1.06809 18491
122000 1.07377 18393.3
123000 1.06615 18525.2
124000 1.06509 18543.6
125000 1.0631 18578.3
126000 1.06934 18469.5
127000 1.0733 18401.9
128000 1.068 18492.5
129000 1.0695 18466.6
130000 1.05611 18701.3
131000 1.0583 18662.6
132000 1.06177 18601.6
133000 1.05946 18642.4
134000 1.05904 18649.2
135000 1.04925 18823
136000 1.04888 18830.3
137000 1.05263 18763.2
138000 1.06194 18598.4
139000 1.05879 18653.7
140000 1.05376 18742.7
141000 1.057 18685.2
142000 1.04763 18852.3
143000 1.05203 18773.9
144000 1.05606 18701.9
145000 1.05064 18798.8
146000 1.05049 18801.8
147000 1.06719 18506.6
148000 1.06122 18610.9
149000 1.07172 18428.3
150000 1.06293 18583.3
151000 1.06632 18521.8
152000 1.07105 18439.9
153000 1.06697 18510.7
154000 1.0679 18494.7
155000 1.06549 18536.2
156000 1.06415 18560.1
157000 1.06549 18537.5
158000 1.06202 18597.4
159000 1.07207 18422.3
160000 1.07068 18447.2
161000 1.0766 18345.6
162000 1.07534 18366.3
163000 1.07325 18401.9
164000 1.06539 18537.9
165000 1.06997 18460
166000 1.06087 18616.9
167000 1.06139 18608
168000 1.06816 18489.7
169000 1.0618 18600.3
170000 1.06121 18611.2
171000 1.07086 18443.2
172000 1.06565 18533.3
173000 1.07239 18418.3
174000 1.06289 18582.5
175000 1.06695 18510.6
176000 1.07395 18390.5
177000 1.05805 18666.7
178000 1.06482 18547.6
179000 1.06485 18547.3
180000 1.06363 18568.5
181000 1.06173 18601.6
182000 1.06259 18586.7
183000 1.06287 18582.3
184000 1.05537 18715.9
185000 1.06098 18614.8
186000 1.06677 18514.2
187000 1.05834 18661.1
188000 1.06112 18613.7
189000 1.0566 18692.5
190000 1.06245 18589.1
191000 1.06496 18545.7
192000 1.06104 18614.8
193000 1.06187 18599.4
194000 1.06768 18498.9
195000 1.05786 18670.3
196000 1.05984 18635.5
197000 1.06524 18541.3
198000 1.05999 18632.6
199000 1.06639 18522.9
200000 1.05887 18652
