# Time-averaged data for fix DENSAVG
# TimeStep v_dens v_vol
1000 0.98687 26766.4
2000 0.987461 26751
3000 0.985541 26803
4000 0.990417 26672.2
5000 0.987051 26760.9
6000 0.983958 26844.9
7000 0.984549 26829.3
8000 0.991438 26643.4
9000 0.989142 26704.8
10000 0.991148 26651.8
11000 0.992133 26624.4
12000 0.986713 26769.8
13000 0.990748 26660.9
14000 0.984269 26836.3
15000 0.990577 26665.4
16000 0.994239 26567.3
17000 0.989769 26688
18000 0.991186 26649.6
19000 0.994579 26558.6
20000 0.98885 26712.2
21000 0.987906 26738
22000 0.993126 26598.1
23000 0.989362 26699.2
24000 0.989004 26708
25000 0.994336 26564.9
26000 0.997845 26471.8
27000 0.990935 26656
28000 0.994544 26559.4
29000 0.997732 26474.3
30000 0.994809 26552.2
31000 0.994252 26567.6
32000 0.993062 26599.8
33000 0.990248 26674.9
34000 0.99161 26637.9
35000 0.996399 26511.5
36000 0.989573 26693
37000 0.989949 26682.7
38000 0.985697 26799.1
39000 0.993077 26598.8
40000 0.993765 26580.1
41000 0.992177 26623.3
42000 0.991707 26636.1
43000 0.992959 26601.5
44000 0.993123 26597.3
45000 0.993179 26597.1
46000 0.995164 26542.8
47000 0.999281 26436.1
48000 0.998765 26447.1
49000 0.999481 26427.9
50000 0.996885 26497.2
51000 0.997629 26477.3
52000 0.998005 26468.2
53000 0.995781 26528.3
54000 0.997233 26489.1
55000 0.996142 26516.8
56000 1.00407 26307.1
57000 0.99836 26458.3
58000 1.00193 26363.6
59000 0.995672 26529.4
60000 1.00438 26299.3
61000 1.00283 26339.7
62000 1.00413 26306
63000 1.00129 26380.1
64000 0.99926 26433.8
65000 1.00257 26346.5
66000 1.0059 26259.2
67000 1.00811 26202
68000 1.0131 26073.2
69000 1.00556 26268.2
70000 1.01184 26106.2
71000 1.00412 26306.4
72000 1.00515 26280.8
73000 1.0054 26272.8
74000 1.00613 26253.2
75000 1.01274 26084.2
76000 0.99946 26428.7
77000 1.0072 26225.6
78000 1.00781 26209.7
79000 1.01137 26117.8
80000 1.0059 26259.3
81000 1.00771 26213.7
82000 1.00883 26183.5
83000 1.00549 26270.3
84000 1.00716 26226.6
85000 1.00507 26281.1
86000 1.01177 26106.8
87000 1.0132 26070.3
88000 1.0125 26088.1
89000 1.01295 26076.5
90000 1.00835 26195.4
91000 1.00844 26193.9
92000 1.00416 26306.1
93000 1.00576 26263.4
94000 1.01323 26069.8
95000 1.01115 26122.8
96000 1.00978 26158.3
97000 1.00851 26191.2
98000 1.00963 26162.6
99000 1.00358 26321.2
100000 1.00613 26253.3
101000 0.999662 26423.2
102000 1.00158 26373.1
103000 1.01036 26144.4
104000 1.00214 26358
105000 1.00517 26278.8
106000 1.00174 26368.6
107000 1.00461 26293.4
108000 0.999168 26436.3
109000 0.995983 26521.1
110000 0.999939 26416.8
111000 1.00545 26272.4
112000 0.997979 26468.4
113000 1.00395 26310.2
114000 1.00766 26213.6
115000 1.00287 26339
116000 1.003 26336.9
117000 1.00572 26264.3
118000 0.998317 26459
119000 1.00141 26377.2
120000 1.00454 26295.2
121000 1.01225 26096.2
122000 1.00489 26286
123000 1.00716 26226.4
124000 1.01213 26097.8
125000 1.00562 26267.1
126000 1.01038 26143.7
127000 1.01528 26016.6
128000 1.00423 26303.1
129000 1.00355 26321.3
130000 1.00231 26353.7
131000 1.01055 26139
132000 1.00803 26203.9
133000 1.00176 26368
134000 1.00889 26182.5
135000 1.00018 26410.8
136000 1.00281 26340.5
137000 1.00562 26267.5
138000 1.00303 26334.9
139000 1.0083 26197.5
140000 1.00673 26238.1
141000 1.0038 26314.8
142000 1.00029 26406.6
143000 0.991155 26650.5
144000 0.999468 26429.7
145000 0.998329 26458.8
146000 0.99111 26651.3
147000 0.985827 26794.2
148000 0.987473 26750
149000 0.991645 26637.1
150000 0.988735 26715.6
151000 1.00008 26412.3
152000 1.00964 26161.9
153000 1.01174 26108.4
154000 1.01305 26074.9
155000 1.01015 26148.8
156000 1.00627 26250.9
157000 1.00858 26191.3
158000 1.00798 26205.6
159000 1.00527 26276
160000 1.0048 26288.3
161000 1.01136 26117.8
162000 1.01081 26131.7
163000 1.00685 26235.3
164000 1.01363 26059.5
165000 1.01404 26048.7
166000 1.00739 26221.4
167000 1.01219 26096.3
168000 1.00454 26294.9
169000 1.00544 26272.2
170000 1.00765 26214.6
171000 1.00896 26179.8
172000 1.00371 26318.5
173000 1.01049 26140.9
174000 1.01538 26014.6
175000 1.01601 25998.6
176000 1.01391 26052
177000 1.01829 25939.8
178000 1.01643 25987.3
179000 1.01053 26139
180000 1.01347 26063.2
181000 1.01188 26104.1
182000 1.00459 26294.3
183000 1.01053 26138.9
184000 1.01414 26046.9
185000 1.01197 26102
186000 1.01583 26003
187000 1.00716 26226.7
188000 1.01167 26109.8
189000 1.00351 26321.9
190000 1.00958 26165.8
191000 1.01157 26112.4
192000 1.00474 26289.7
193000 1.00924 26172.7
194000 1.00484 26287.9
195000 1.01093 26128.8
196000 1.00297 26336.2
197000 1.00931 26170.7
198000 1.00621 26251.8
199000 1.0123 26093.9
200000 1.01166 26111.1
