# Time-averaged data for fix DENSAVG
# TimeStep v_dens v_vol
1000 0.93242 29958.8
2000 0.93542 29861.6
3000 0.940247 29711.2
4000 0.936674 29823.2
5000 0.933714 29916.6
6000 0.929487 30053.1
7000 0.923698 30241
8000 0.928009 30100.4
9000 0.929341 30056.9
10000 0.931833 29978.9
11000 0.926562 30147.6
12000 0.931136 30001.4
13000 0.924541 30213.9
14000 0.931815 29977.1
15000 0.937027 29810.9
16000 0.931647 29982.8
17000 0.924437 30216.6
18000 0.926288 30156.4
19000 0.923794 30237.5
20000 0.935716 29853.5
21000 0.934838 29880.4
22000 0.932157 29966.2
23000 0.932424 29960
24000 0.934606 29887.9
25000 0.941481 29669.2
26000 0.938278 29770.9
27000 0.943429 29610
28000 0.942889 29625.5
29000 0.942279 29644.1
30000 0.940661 29695.2
31000 0.941041 29684
32000 0.93559 29857.2
33000 0.940622 29696.6
34000 0.946631 29508.4
35000 0.930989 30004.4
36000 0.948876 29439
37000 0.933192 29933.1
38000 0.933291 29929.8
39000 0.93718 29805.4
40000 0.936258 29835.1
41000 0.940488 29702
42000 0.9389 29752.5
43000 0.944924 29562.1
44000 0.949193 29429.1
45000 0.939027 29747
46000 0.948126 29461.3
47000 0.941648 29664.5
48000 0.951376 29361.4
49000 0.943957 29592.2
50000 0.947734 29473.8
51000 0.949326 29424.9
52000 0.941535 29668.3
53000 0.936326 29833.9
54000 0.941144 29680.3
55000 0.942586 29634.7
56000 0.94318 29616
57000 0.940161 29712.5
58000 0.942522 29637.8
59000 0.944098 29587.1
60000 0.94837 29455.6
61000 0.945255 29551.6
62000 0.942812 29627.6
63000 0.948077 29463
64000 0.94777 29472.4
65000 0.947344 29486.3
66000 0.941684 29663.8
67000 0.945232 29551.9
68000 0.950912 29375.1
69000 0.946138 29524.9
70000 0.951739 29351.1
71000 0.960618 29079.9
72000 0.956123 29215.1
73000 0.956351 29208
74000 0.957526 29172.7
75000 0.955146 29248.1
76000 0.947671 29475.6
77000 0.952552 29324.4
78000 0.952703 29322.1
79000 0.946753 29505.9
80000 0.954373 29269.6
81000 0.946865 29501.7
82000 0.94176 29660.9
83000 0.9468 29502.8
84000 0.945935 29529.6
85000 0.944701 29568.7
86000 0.950974 29374
87000 0.944523 29574.1
88000 0.950496 29388.9
89000 0.955556 29233.1
90000 0.954257 29272.2
91000 0.956578 29203.5
92000 0.954448 29266.4
93000 0.955696 29228.3
94000 0.958235 29151
95000 0.9591 29125.5
96000 0.958584 29140.7
97000 0.960699 29077.1
98000 0.960081 29095
99000 0.954638 29261.2
100000 0.95678 29196
101000 0.948476 29450.5
102000 0.951082 29370.1
103000 0.963431 28994.2
104000 0.965943 28918.7
105000 0.965116 28942.7
106000 0.961922 29039.2
107000 0.959241 29120.4
108000 0.955626 29230.8
109000 0.962881 29010.8
110000 0.96202 29036.2
111000 0.956337 29209.1
112000 0.949105 29433.9
113000 0.962452 29023.8
114000 0.955013 29249.1
115000 0.953536 29294.3
116000 0.956879 29192.2
117000 0.961741 29045.4
118000 0.966849 28890.9
119000 0.964474 28962
120000 0.965964 28917.6
121000 0.968269 28848.7
122000 0.960884 29070.4
123000 0.96931 28817.8
124000 0.969125 28823.1
125000 0.961472 29055
126000 0.959341 29117.1
127000 0.962799 29012.4
128000 0.960358 29087.9
129000 0.956892 29191.6
130000 0.956935 29190.1
131000 0.964818 28951.8
132000 0.963606 28988.4
133000 0.956342 29208.7
134000 0.95951 29112.5
135000 0.95483 29254.8
136000 0.968206 28850.5
137000 0.968966 28827.8
138000 0.965074 28944.3
139000 0.960722 29075.1
140000 0.964148 28972.2
141000 0.962917 29013.1
142000 0.957764 29166.2
143000 0.960726 29075.2
144000 0.96195 29037.9
145000 0.96232 29027.8
146000 0.960594 29079
147000 0.955929 29223.6
148000 0.964741 28956.3
149000 0.965549 28930.8
150000 0.960957 29068.2
151000 0.961184 29062.8
152000 0.960126 29094.6
153000 0.958561 29140.9
154000 0.959504 29112.3
155000 0.955824 29224.1
156000 0.952479 29327
157000 0.944617 29572
158000 0.953959 29282.3
159000 0.959601 29110.7
160000 0.951572 29355.4
161000 0.95145 29361.6
162000 0.953013 29310.6
163000 0.957906 29160.6
164000 0.963771 28983.3
165000 0.958111 29154.4
166000 0.963171 29001.1
167000 0.956652 29198.9
168000 0.960219 29090.5
169000 0.957545 29172.3
170000 0.962132 29032.7
171000 0.950142 29401.6
172000 0.956071 29217.4
173000 0.954991 29250
174000 0.956134 29215.5
175000 0.955543 29233.6
176000 0.956256 29210.9
177000 0.951868 29345.8
178000 0.958981 29128.8
179000 0.953746 29288
180000 0.949042 29432.9
181000 0.957828 29163.1
182000 0.955621 29230.7
183000 0.958349 29148.5
184000 0.956844 29193.5
185000 0.964548 28960.6
186000 0.959793 29103.2
187000 0.952842 29317.5
188000 0.95843 29145.3
189000 0.964475 28962.6
190000 0.961589 29049.4
191000 0.966343 28907
192000 0.962896 29009.9
193000 0.969664 28807.5
194000 0.968855 28831
195000 0.97601 28621.1
196000 0.965423 28936.2
197000 0.971842 28743.2
198000 0.972448 28724.7
199000 0.967962 28858.3
200000 0.961457 29053
