# Time-averaged data for fix DENSAVG
# TimeStep v_dens v_vol
1000 1.11216 25984.7
2000 1.11552 25906.3
3000 1.11937 25817.6
4000 1.10998 26035.6
5000 1.11335 25956.8
6000 1.11379 25947.2
7000 1.11576 25901.2
8000 1.11092 26014.2
9000 1.11581 25900.5
10000 1.1147 25925.6
11000 1.11572 25902.9
12000 1.12199 25757.1
13000 1.11924 25820.6
14000 1.12332 25726.4
15000 1.11954 25813.2
16000 1.12346 25724.3
17000 1.12874 25603.1
18000 1.12898 25597.6
19000 1.13114 25549.4
20000 1.13335 25500
21000 1.13409 25482.8
22000 1.1386 25381.4
23000 1.13881 25376.7
24000 1.13521 25457.7
25000 1.13842 25385.2
26000 1.13683 25421.2
27000 1.13849 25383.8
28000 1.1406 25338
29000 1.14382 25265.9
30000 1.14241 25296.6
31000 1.14041 25342.4
32000 1.13486 25465.1
33000 1.14029 25343.6
34000 1.13983 25354.6
35000 1.13828 25388.2
36000 1.13906 25370.8
37000 1.13696 25417.7
38000 1.13599 25439.6
39000 1.13677 25423.1
40000 1.13852 25383
41000 1.143 25284.5
42000 1.14288 25286.3
43000 1.14544 25229.8
44000 1.1401 25348
45000 1.13876 25377.5
46000 1.13904 25372.2
47000 1.14575 25223.1
48000 1.14032 25343.2
49000 1.14083 25331.7
50000 1.14202 25305.2
51000 1.14176 25311
52000 1.13995 25351.6
53000 1.144 25261.6
54000 1.13853 25382.9
55000 1.13924 25367.1
56000 1.13902 25373.8
57000 1.14106 25326.7
58000 1.14488 25242
59000 1.1418 25310.3
60000 1.14669 25202.4
61000 1.1397 25356.8
62000 1.14994 25130.9
63000 1.14976 25134.8
64000 1.14642 25208.1
65000 1.15043 25121.1
66000 1.14843 25164.2
67000 1.14625 25213
68000 1.15372 25049.5
69000 1.14583 25220.9
70000 1.15503 25020.2
71000 1.14974 25135.4
72000 1.14851 25162.4
73000 1.15407 25041.1
74000 1.16273 24854.6
75000 1.15276 25070.5
76000 1.16095 24894.7
77000 1.15647 24989
78000 1.1502 25125.9
79000 1.1541 25040.9
80000 1.15662 24985.8
81000 1.15504 25020.1
82000 1.1573 24971.3
83000 1.16217 24866.5
84000 1.16353 24837.4
85000 1.16463 24815
86000 1.16063 24899.7
87000 1.15957 24923.2
88000 1.15919 24930.4
89000 1.15568 25006.2
90000 1.15536 25013.6
91000 1.15521 25016.9
92000 1.15983 24916.8
93000 1.15559 25007.8
94000 1.15491 25022.9
95000 1.15622 24996.1
96000 1.15338 25057.6
97000 1.1605 24902.6
98000 1.1579 24958.3
99000 1.15665 24985.5
100000 1.16136 24883.8
101000 1.16267 24856.1
102000 1.15729 24971.4
103000 1.14906 25150.4
104000 1.15618 24995.2
105000 1.15883 24938.2
106000 1.15685 24980.9
107000 1.15551 25009.6
108000 1.1607 24898.1
109000 1.16795 24744.2
110000 1.17282 24640.7
111000 1.16797 24743.2
112000 1.17368 24622.8
113000 1.17377 24620.7
114000 1.17608 24573.5
115000 1.17424 24610.8
116000 1.17748 24543
117000 1.17955 24500.5
118000 1.17895 24512.8
119000 1.1748 24599.1
120000 1.18069 24476.6
121000 1.17678 24557.9
122000 1.17758 24541.2
123000 1.17932 24504.8
124000 1.17485 24598.1
125000 1.17423 24611
126000 1.17755 24542.1
127000 1.17576 24579.5
128000 1.17531 24589.4
129000 1.17672 24559.1
130000 1.17958 24499.6
131000 1.17916 24508.8
132000 1.17426 24611
133000 1.17542 24586.3
134000 1.17671 24559.2
135000 1.17878 24517
136000 1.17339 24629
137000 1.17027 24694.5
138000 1.18003 24490.3
139000 1.17866 24518.9
140000 1.17477 24600.3
141000 1.17644 24564.9
142000 1.17973 24496.3
143000 1.17734 24546.6
144000 1.18185 24452.4
145000 1.18469 24394.4
146000 1.18062 24478
147000 1.17851 24522.2
148000 1.18442 24399.4
149000 1.18999 24285.2
150000 1.18374 24413.5
151000 1.18644 24358.6
152000 1.18478 24391.9
153000 1.18685 24349.6
154000 1.18288 24431.3
155000 1.18396 24408.8
156000 1.18496 24388.4
157000 1.18226 24444.1
158000 1.18469 24394.9
159000 1.18444 24399.3
160000 1.18331 24422.2
161000 1.18636 24360.1
162000 1.18425 24402.8
163000 1.18615 24364.3
164000 1.18677 24351
165000 1.18277 24433.3
166000 1.18461 24395.4
167000 1.18504 24387.1
168000 1.18361 24415.9
169000 1.18753 24336
170000 1.19002 24284.7
171000 1.18512 24385
172000 1.17952 24500.8
173000 1.18387 24410.7
174000 1.18766 24332.9
175000 1.18363 24415.6
176000 1.18827 24320.2
177000 1.18828 24320.6
178000 1.18757 24334.5
179000 1.18814 24323.3
180000 1.18515 24384.3
181000 1.18779 24330.4
182000 1.19252 24233.7
183000 1.19136 24257.3
184000 1.19138 24257.5
185000 1.19136 24257.6
186000 1.18648 24357.2
187000 1.1881 24324.8
188000 1.18853 24315
189000 1.19481 24187.3
190000 1.19202 24243.9
191000 1.19148 24254.9
192000 1.1909 24266.6
193000 1.19101 24264.4
194000 1.19316 24221.1
195000 1.19623 24159
196000 1.19086 24267.4
197000 1.18961 24292.8
198000 1.1943 24198.5
199000 1.19113 24262.2
200000 1.1956 24171.8
