# Time-averaged data for fix DENSAVG
# TimeStep v_dens v_vol
1000 0.935642 28063
2000 0.934989 28084.7
3000 0.932669 28154.2
4000 0.938837 27969.8
5000 0.931406 28191
6000 0.938613 27974.6
7000 0.942556 27858
8000 0.937964 27994.8
9000 0.937651 28003.4
10000 0.938548 27976.8
11000 0.941774 27880.6
12000 0.937931 27997.7
13000 0.940752 27911.8
14000 0.945032 27784.3
15000 0.935134 28078.6
16000 0.942573 27857.2
17000 0.932644 28154
18000 0.939287 27954.5
19000 0.939741 27941.2
20000 0.944829 27790.4
21000 0.939592 27945.9
22000 0.941219 27898.3
23000 0.943878 27818.4
24000 0.9496 27651.9
25000 0.944871 27789.6
26000 0.948719 27676.3
27000 0.941363 27894
28000 0.946648 27736.8
29000 0.941231 27897.4
30000 0.945319 27776.5
31000 0.948614 27680.2
32000 0.948306 27688.3
33000 0.94948 27654.1
34000 0.952244 27574.6
35000 0.952564 27565.4
36000 0.957159 27432.5
37000 0.942995 27845.1
38000 0.951834 27586.1
39000 0.950125 27635.5
40000 0.951067 27607.9
41000 0.951077 27607.7
42000 0.948971 27669.2
43000 0.951023 27609.3
44000 0.952373 27570.5
45000 0.957635 27418.7
46000 0.953715 27532.6
47000 0.945706 27764.6
48000 0.958202 27402.9
49000 0.950372 27628.9
50000 0.951551 27594
51000 0.961182 27318.3
52000 0.950579 27623.1
53000 0.951482 27596.3
54000 0.940819 27908.9
55000 0.935252 28075.6
56000 0.925978 28356.4
57000 0.939389 27951.8
58000 0.940626 27914.4
59000 0.935297 28073.5
60000 0.946013 27755.4
61000 0.943049 27843.9
62000 0.939049 27962
63000 0.950184 27633.7
64000 0.944189 27809.1
65000 0.940226 27926.3
66000 0.946938 27728.3
67000 0.944424 27802.4
68000 0.931035 28203.6
69000 0.950567 27622.5
70000 0.947868 27701.3
71000 0.94834 27688.6
72000 0.950189 27634.9
73000 0.95749 27422.9
74000 0.954085 27520.6
75000 0.95686 27442
76000 0.956972 27439.2
77000 0.955359 27484.1
78000 0.957442 27424.4
79000 0.963493 27252.2
80000 0.962394 27283
81000 0.960866 27326.6
82000 0.956141 27462
83000 0.947658 27709.7
84000 0.954739 27504.1
85000 0.959052 27379.3
86000 0.952915 27554.6
87000 0.951972 27584.4
88000 0.956376 27454.7
89000 0.957988 27408.7
90000 0.960139 27347.3
91000 0.960184 27346
92000 0.963721 27246
93000 0.963098 27263.8
94000 0.955769 27472.6
95000 0.956427 27453.4
96000 0.954834 27500.2
97000 0.959747 27358.4
98000 0.957374 27426.6
99000 0.960746 27329.9
100000 0.960456 27338.6
101000 0.963321 27257.4
102000 0.957816 27414.5
103000 0.963785 27243.8
104000 0.946971 27729.1
105000 0.958801 27385.8
106000 0.950315 27629.8
107000 0.947046 27725.2
108000 0.951344 27601.8
109000 0.949165 27663.6
110000 0.948234 27690.5
111000 0.948189 27691.8
112000 0.949964 27640.1
113000 0.960199 27345.9
114000 0.956593 27448.6
115000 0.964555 27222.3
116000 0.958118 27406.1
117000 0.95934 27370
118000 0.951778 27587.8
119000 0.950173 27634.1
120000 0.945801 27762.8
121000 0.944899 27789
122000 0.946242 27749.7
123000 0.947759 27704.4
124000 0.949116 27665.8
125000 0.94894 27670.1
126000 0.942488 27859.4
127000 0.945334 27775.8
128000 0.951128 27606.6
129000 0.950707 27618.9
130000 0.948418 27685.2
131000 0.953514 27537.7
132000 0.952295 27574.6
133000 0.950442 27626.5
134000 0.956194 27460
135000 0.958976 27380.7
136000 0.96209 27292.1
137000 0.960332 27344.8
138000 0.955768 27472.8
139000 0.948259 27691
140000 0.954962 27495.6
141000 0.95354 27536.5
142000 0.954549 27508.2
143000 0.956116 27462.1
144000 0.953287 27544
145000 0.955113 27492.3
146000 0.944021 27814.1
147000 0.948452 27684.4
148000 0.938782 27970.1
149000 0.939884 27939
150000 0.941946 27876
151000 0.944795 27791.5
152000 0.951992 27581.5
153000 0.952227 27575
154000 0.950265 27631.7
155000 0.955838 27470.6
156000 0.956655 27446.8
157000 0.960484 27338.9
158000 0.955419 27482.3
159000 0.953217 27546
160000 0.964568 27222
161000 0.959474 27367.6
162000 0.958759 27386.8
163000 0.956508 27451.7
164000 0.950517 27625.6
165000 0.95106 27609
166000 0.951593 27592.6
167000 0.949587 27651.6
168000 0.954511 27508.9
169000 0.95386 27528.4
170000 0.968107 27122.3
171000 0.956215 27460.1
172000 0.947239 27720.2
173000 0.956532 27450.1
174000 0.95053 27624.4
175000 0.957394 27427.7
176000 0.955887 27469
177000 0.948647 27678.5
178000 0.949261 27661.6
179000 0.949775 27645.9
180000 0.953557 27535.8
181000 0.954874 27498.5
182000 0.953809 27528.6
183000 0.943139 27840.3
184000 0.956024 27465.9
185000 0.955888 27469.3
186000 0.955737 27473.8
187000 0.94984 27644.2
188000 0.9549 27497.7
189000 0.954505 27509
190000 0.949263 27660.6
191000 0.955872 27472.5
192000 0.949354 27658.2
193000 0.947907 27700.6
194000 0.952142 27577.4
195000 0.945584 27768
196000 0.939925 27937
197000 0.943074 27842.3
198000 0.946695 27735.7
199000 0.954077 27521.5
200000 0.948757 27675.4
