# Time-averaged data for fix DENSAVG
# TimeStep v_dens v_vol
1000 0.925563 27339.6
2000 0.932359 27140.4
3000 0.925157 27351.6
4000 0.926765 27303.9
5000 0.922929 27417.5
6000 0.920511 27489.5
7000 0.92954 27222.3
8000 0.92703 27296.8
9000 0.934867 27067.1
10000 0.933407 27109.3
11000 0.929251 27231.1
12000 0.929958 27210.1
13000 0.921934 27447.1
14000 0.929509 27223.9
15000 0.936544 27020.9
16000 0.935934 27036.3
17000 0.933703 27101.1
18000 0.927782 27274.7
19000 0.9393 26939.9
20000 0.935294 27055.2
21000 0.939781 26925.8
22000 0.940601 26902.4
23000 0.938742 26955.6
24000 0.943406 26822.6
25000 0.949499 26651.2
26000 0.940027 26918.5
27000 0.940592 26904
28000 0.939117 26944.5
29000 0.931203 27174.9
30000 0.94186 26866.4
31000 0.944775 26785.3
32000 0.943241 26827.8
33000 0.946233 26742.6
34000 0.950766 26615.1
35000 0.947038 26719.6
36000 0.943469 26822.7
37000 0.945239 26770.3
38000 0.948433 26679.8
39000 0.946614 26731.1
40000 0.941524 26876
41000 0.936316 27025.7
42000 0.938614 26960.8
43000 0.94187 26866.1
44000 0.943951 26806.8
45000 0.939408 26937.5
46000 0.932741 27129.9
47000 0.936587 27017.5
48000 0.931849 27154.6
49000 0.933058 27120.1
50000 0.940196 26914.2
51000 0.942604 26845.2
52000 0.940554 26904.8
53000 0.939352 26938.2
54000 0.941393 26880.1
55000 0.93749 26991.4
56000 0.947053 26719.6
57000 0.942746 26840.9
58000 0.93804 26975.5
59000 0.937981 26977.3
60000 0.940306 26911.1
61000 0.929879 27213.3
62000 0.935211 27057.9
63000 0.937028 27004.8
64000 0.932257 27142.9
65000 0.941401 26879.4
66000 0.936994 27005.5
67000 0.932839 27127.7
68000 0.942902 26836.8
69000 0.932644 27131.6
70000 0.939941 26921
71000 0.945355 26767.9
72000 0.933107 27118.4
73000 0.942651 26843.5
74000 0.94069 26900.6
75000 0.93307 27119.2
76000 0.935666 27045.1
77000 0.928305 27259.2
78000 0.932063 27150.7
79000 0.930167 27204.8
80000 0.927029 27297.1
81000 0.923778 27393.6
82000 0.927882 27271
83000 0.928922 27240.6
84000 0.925422 27343.8
85000 0.927739 27275.3
86000 0.925298 27347.8
87000 0.929094 27236.6
88000 0.926381 27315.6
89000 0.928781 27245.5
90000 0.928918 27240.5
91000 0.936081 27033.3
92000 0.924317 27376.9
93000 0.930085 27208.1
94000 0.931297 27170.9
95000 0.937455 26992.3
96000 0.933015 27121
97000 0.930916 27182.9
98000 0.932083 27147.9
99000 0.930121 27205.5
100000 0.932932 27123.4
101000 0.933976 27093
102000 0.94132 26882.1
103000 0.938553 26961.6
104000 0.930877 27184.6
105000 0.932833 27126
106000 0.931771 27157.5
107000 0.925758 27336.9
108000 0.919517 27519
109000 0.934396 27081.1
110000 0.929187 27232.7
111000 0.933925 27094.4
112000 0.934027 27092.2
113000 0.934839 27068.4
114000 0.941321 26881.8
115000 0.942348 26854
116000 0.9376 26988.7
117000 0.940426 26907.6
118000 0.943882 26809.2
119000 0.934519 27077.3
120000 0.936448 27022.1
121000 0.93717 27001.7
122000 0.942854 26838.6
123000 0.936026 27036.4
124000 0.94171 26870.9
125000 0.932524 27135.3
126000 0.940626 26901.6
127000 0.944522 26791.2
128000 0.940954 26892.3
129000 0.942626 26844.3
130000 0.94489 26781.1
131000 0.943539 26818.6
132000 0.940352 26909.3
133000 0.937154 27001.9
134000 0.940261 26912.8
135000 0.936944 27007.1
136000 0.941075 26888.4
137000 0.94456 26791.5
138000 0.937124 27002.2
139000 0.939509 26933.7
140000 0.945272 26769
141000 0.937505 26991.2
142000 0.939811 26925.1
143000 0.938461 26963.5
144000 0.935212 27057.2
145000 0.935254 27057.7
146000 0.933143 27117.8
147000 0.930384 27198.6
148000 0.934105 27090.9
149000 0.938807 26955.1
150000 0.935516 27049.2
151000 0.937372 26994.9
152000 0.93966 26929.4
153000 0.932635 27132.1
154000 0.934767 27071.5
155000 0.945565 26762.2
156000 0.939685 26928.3
157000 0.940794 26897.7
158000 0.93617 27029.4
159000 0.94587 26752.2
160000 0.940126 26916.3
161000 0.939556 26932.9
162000 0.942382 26851.4
163000 0.940556 26905
164000 0.94457 26790.5
165000 0.947991 26692.4
166000 0.943841 26809.7
167000 0.941607 26873.4
168000 0.946332 26739.3
169000 0.949366 26654.9
170000 0.94348 26821
171000 0.946483 26736.3
172000 0.938677 26958.3
173000 0.945402 26766.1
174000 0.944217 26799.4
175000 0.95199 26581.8
176000 0.944956 26778.2
177000 0.944289 26797.5
178000 0.940634 26901.6
179000 0.941272 26883
180000 0.937788 26983
181000 0.932563 27137.7
182000 0.9396 26932.5
183000 0.936537 27019.5
184000 0.942904 26838.1
185000 0.939043 26947.3
186000 0.941755 26869.5
187000 0.930366 27199.4
188000 0.933229 27115.2
189000 0.934028 27092.1
190000 0.934289 27087.5
191000 0.935008 27063.4
192000 0.936031 27034.6
193000 0.939302 26940.4
194000 0.936791 27012.4
195000 0.933381 27110.4
196000 0.949747 26643.5
197000 0.93911 26944.9
198000 0.939788 26925.4
199000 0.942704 26842.2
200000 0.948304 26685
