# Time-averaged data for fix DENSAVG
# TimeStep v_dens v_vol
1000 0.937738 30573.9
2000 0.944254 30362
3000 0.940123 30494.9
4000 0.931586 30774.5
5000 0.930128 30823.9
6000 0.926614 30939.9
7000 0.938353 30552.1
8000 0.936294 30620.4
9000 0.934829 30667.9
10000 0.939912 30501.6
11000 0.936071 30628
12000 0.931722 30769.9
13000 0.9347 30671.6
14000 0.939467 30515.8
15000 0.933821 30701.4
16000 0.935573 30643.5
17000 0.944275 30360.6
18000 0.934297 30684.8
19000 0.935874 30633.8
20000 0.942365 30422.2
21000 0.941143 30461.7
22000 0.942738 30410.3
23000 0.946131 30301.7
24000 0.943273 30393.1
25000 0.937218 30589.8
26000 0.939375 30519.7
27000 0.938326 30553.7
28000 0.939758 30506.5
29000 0.939994 30499.1
30000 0.941358 30454.7
31000 0.946213 30298.9
32000 0.940617 30480.3
33000 0.943149 30397.2
34000 0.942244 30425.9
35000 0.944366 30359.5
36000 0.943712 30379
37000 0.9469 30276.3
38000 0.945653 30316.8
39000 0.947328 30263.5
40000 0.942521 30417.1
41000 0.942778 30409.5
42000 0.945955 30307.1
43000 0.942905 30405.2
44000 0.942667 30413.6
45000 0.951394 30133.3
46000 0.939584 30513.2
47000 0.946088 30302.6
48000 0.940195 30492.7
49000 0.943229 30394.2
50000 0.945532 30320.1
51000 0.942543 30416.5
52000 0.944023 30369.6
53000 0.95381 30057.2
54000 0.954675 30030.2
55000 0.954151 30046.3
56000 0.957445 29943.1
57000 0.955162 30014.4
58000 0.964244 29731.7
59000 0.951309 30137.5
60000 0.950589 30159.3
61000 0.953211 30075.8
62000 0.952198 30108.6
63000 0.952122 30112.1
64000 0.952556 30096.6
65000 0.953309 30073.1
66000 0.95045 30164.9
67000 0.955369 30008
68000 0.953715 30061.7
69000 0.958793 29901.5
70000 0.945634 30317.1
71000 0.953005 30083.1
72000 0.954375 30039.4
73000 0.959182 29888.7
74000 0.955748 29996.2
75000 0.959228 29888.2
76000 0.95603 29987.3
77000 0.960361 29852.8
78000 0.95477 30027.6
79000 0.959085 29892.2
80000 0.955267 30011.6
81000 0.960578 29845.6
82000 0.960457 29848.9
83000 0.954986 30020.3
84000 0.948402 30229.8
85000 0.953503 30066.9
86000 0.955347 30009.2
87000 0.959371 29883.9
88000 0.954729 30028.2
89000 0.95759 29938.6
90000 0.960734 29841.2
91000 0.956223 29981.8
92000 0.956921 29959.6
93000 0.962467 29786.8
94000 0.959021 29893.8
95000 0.956196 29982.2
96000 0.954663 30030.2
97000 0.960039 29862.3
98000 0.957735 29934.9
99000 0.963995 29741.9
100000 0.959844 29870.8
101000 0.957183 29952.2
102000 0.957813 29931.5
103000 0.968763 29593.5
104000 0.967649 29627.1
105000 0.966845 29651.7
106000 0.964265 29731
107000 0.96498 29710.7
108000 0.966507 29662.4
109000 0.965212 29702.3
110000 0.967051 29645.5
111000 0.968809 29593.4
112000 0.962713 29780.1
113000 0.96682 29653
114000 0.957969 29926.7
115000 0.962916 29772.8
116000 0.958126 29922.8
117000 0.960718 29841
118000 0.955607 30000.4
119000 0.955374 30008.3
120000 0.964646 29720
121000 0.96849 29601.4
122000 0.967928 29618.6
123000 0.960872 29836.6
124000 0.969563 29568.6
125000 0.962616 29782.2
126000 0.967946 29618.1
127000 0.970894 29528
128000 0.966565 29661
129000 0.965576 29692.2
130000 0.964506 29726.1
131000 0.967024 29646.8
132000 0.967095 29644.7
133000 0.971445 29512.3
134000 0.969143 29581.5
135000 0.970422 29542.8
136000 0.976616 29356.1
137000 0.97409 29432.2
138000 0.969178 29580.2
139000 0.971122 29522.3
140000 0.979661 29265.3
141000 0.972421 29482.5
142000 0.97634 29363.8
143000 0.974325 29425.1
144000 0.97631 29364.4
145000 0.974312 29424.4
146000 0.980765 29231.5
147000 0.976136 29369.8
148000 0.971578 29507.8
149000 0.973588 29446.3
150000 0.980913 29226.7
151000 0.979935 29256.5
152000 0.983402 29153.9
153000 0.980825 29229.1
154000 0.988327 29008.2
155000 0.988872 28991.5
156000 0.990012 28958.3
157000 0.986904 29049.3
158000 0.985108 29102
159000 0.987875 29021.6
160000 0.989617 28969.5
161000 0.99189 28903.4
162000 0.991302 28920.8
163000 0.993982 28844.5
164000 0.994772 28819.4
165000 0.988785 28994.2
166000 0.988148 29013.3
167000 1.00308 28581.3
168000 0.994417 28830.9
169000 0.990943 28930.8
170000 0.996719 28764.4
171000 0.992158 28895.3
172000 0.990472 28944.3
173000 0.993647 28852.9
174000 0.991249 28921.9
175000 0.992982 28871.3
176000 0.98932 28978.5
177000 0.988024 29016.6
178000 0.989149 28983.3
179000 0.985938 29077.8
180000 0.986814 29051.7
181000 0.987232 29039.4
182000 0.986612 29057.7
183000 0.984278 29126.6
184000 0.987966 29019.3
185000 0.981989 29195.3
186000 0.98342 29152.3
187000 0.984349 29124.6
188000 0.991003 28929.3
189000 0.990814 28934.5
190000 0.994361 28831.2
191000 0.994692 28822.4
192000 0.993809 28847.8
193000 0.993702 28850.6
194000 0.989873 28963.1
195000 0.991008 28928.9
196000 0.994427 28829.4
197000 0.991257 28923.8
198000 0.997207 28749.5
199000 0.996171 28779
200000 0.99474 28820.6
