# Time-averaged data for fix DENSAVG
# TimeStep v_dens v_vol
1000 0.953854 20672.3
2000 0.950964 20735.1
3000 0.95247 20701.8
4000 0.960111 20536.9
5000 0.955979 20625.6
6000 0.956059 20626
7000 0.949425 20768.7
8000 0.950959 20734.7
9000 0.95504 20646
10000 0.953741 20674.4
11000 0.955108 20645.8
12000 0.955903 20627.5
13000 0.953816 20672.6
14000 0.964363 20446.4
15000 0.962584 20484.2
16000 0.961019 20518.2
17000 0.960608 20527.2
18000 0.963397 20467.3
19000 0.969165 20345.1
20000 0.968642 20356
21000 0.967165 20387.4
22000 0.968919 20350.4
23000 0.970127 20325.8
24000 0.96589 20414.6
25000 0.962476 20486.5
26000 0.960735 20523.9
27000 0.957754 20587.7
28000 0.960629 20525.9
29000 0.967354 20383.3
30000 0.962524 20485.9
31000 0.964556 20442.2
32000 0.965033 20432.2
33000 0.966065 20411
34000 0.965848 20415.1
35000 0.970261 20322.1
36000 0.971159 20304.4
37000 0.962865 20479.1
38000 0.96991 20329.4
39000 0.969628 20335.8
40000 0.973197 20261.2
41000 0.96979 20331.9
42000 0.970406 20319
43000 0.973464 20255.5
44000 0.973658 20251.1
45000 0.971985 20288.2
46000 0.972636 20272.9
47000 0.966816 20394.4
48000 0.968752 20354.3
49000 0.97475 20228.8
50000 0.975066 20222.1
51000 0.968786 20353.1
52000 0.967853 20372.6
53000 0.963553 20463.8
54000 0.965365 20425.2
55000 0.968328 20363.2
56000 0.962915 20478.8
57000 0.961407 20510
58000 0.96414 20451.1
59000 0.968039 20369.1
60000 0.967441 20381.9
61000 0.966816 20394.6
62000 0.965609 20420
63000 0.959399 20552.3
64000 0.961821 20500.6
65000 0.955486 20639.9
66000 0.972033 20285.8
67000 0.964783 20437.7
68000 0.963362 20468.1
69000 0.968928 20350.2
70000 0.969975 20329.3
71000 0.972697 20271.9
72000 0.972487 20275.9
73000 0.975793 20207.7
74000 0.972332 20278.9
75000 0.973456 20255.5
76000 0.970491 20318
77000 0.968405 20361.7
78000 0.965433 20423.8
79000 0.969425 20339.5
80000 0.970165 20324.3
81000 0.970135 20325
82000 0.97246 20276.4
83000 0.975113 20221.4
84000 0.969763 20332.8
85000 0.969693 20334
86000 0.970592 20315.4
87000 0.962871 20478.6
88000 0.966411 20403.4
89000 0.973209 20260.9
90000 0.96646 20402.1
91000 0.971523 20298
92000 0.97193 20287.8
93000 0.96718 20387.2
94000 0.975997 20202.9
95000 0.971735 20291.3
96000 0.970897 20308.7
97000 0.968889 20351.5
98000 0.964714 20439.8
99000 0.969448 20339
100000 0.971571 20294.8
101000 0.972246 20280.5
102000 0.97095 20308
103000 0.974491 20235.3
104000 0.973606 20252.5
105000 0.970572 20315.8
106000 0.966615 20400.6
107000 0.962282 20490.7
108000 0.959128 20558.8
109000 0.9686 20356.9
110000 0.964363 20446.3
111000 0.967802 20373.9
112000 0.968226 20365.8
113000 0.965153 20430.6
114000 0.965644 20419.4
115000 0.969735 20333.6
116000 0.969634 20335.5
117000 0.9676 20378.3
118000 0.970283 20321.7
119000 0.969231 20343.8
120000 0.965433 20423.8
121000 0.966992 20390.7
122000 0.961872 20499.7
123000 0.958582 20569.6
124000 0.957595 20591.2
125000 0.962698 20483.6
126000 0.961212 20513.6
127000 0.958536 20571.6
128000 0.966326 20405
129000 0.971665 20293
130000 0.969927 20330.5
131000 0.970714 20313.7
132000 0.979098 20138.7
133000 0.978867 20143.5
134000 0.969825 20331.2
135000 0.972468 20275.8
136000 0.972434 20277
137000 0.97386 20247.4
138000 0.968613 20357.2
139000 0.978191 20157.8
140000 0.977679 20167.8
141000 0.976524 20191.9
142000 0.979265 20135.5
143000 0.976585 20190.4
144000 0.971428 20298.9
145000 0.969964 20328.3
146000 0.971049 20306.6
147000 0.975847 20207.2
148000 0.975275 20218.2
149000 0.975619 20210.5
150000 0.977096 20180.8
151000 0.9702 20323.8
152000 0.980795 20103.8
153000 0.975388 20215.5
154000 0.979579 20128.8
155000 0.977532 20171.2
156000 0.98225 20074.2
157000 0.982065 20078.1
158000 0.978691 20147.2
159000 0.980052 20119.3
160000 0.978141 20159.9
161000 0.978339 20154.5
162000 0.980433 20111.4
163000 0.981765 20085.3
164000 0.982458 20071.4
165000 0.981734 20085.2
166000 0.976694 20188.2
167000 0.977679 20168.5
168000 0.981572 20088.3
169000 0.978714 20146.8
170000 0.97765 20168.6
171000 0.979133 20137.9
172000 0.982465 20069.9
173000 0.983836 20041.7
174000 0.978529 20150.7
175000 0.977095 20181.4
176000 0.982305 20073.4
177000 0.986076 19996.4
178000 0.984433 20029.6
179000 0.982661 20065.9
180000 0.985216 20013.8
181000 0.979706 20126.3
182000 0.983697 20044.6
183000 0.982521 20068.6
184000 0.985416 20009.7
185000 0.983079 20057.1
186000 0.985884 20000.6
187000 0.984951 20019.6
188000 0.98573 20003.2
189000 0.979489 20130.7
190000 0.981297 20093.4
191000 0.982508 20069.2
192000 0.978817 20145.4
193000 0.980394 20112.3
194000 0.98339 20051
195000 0.979539 20129.9
196000 0.975252 20218
197000 0.981681 20086.3
198000 0.980764 20105.2
199000 0.981413 20091.6
200000 0.978917 20142.7
