# Time-averaged data for fix DENSAVG
# TimeStep v_dens v_vol
1000 1.04788 15183.6
2000 1.04848 15175.7
3000 1.03269 15407.1
4000 1.03818 15325.8
5000 1.0473 15191.8
6000 1.05001 15152.7
7000 1.03994 15299.4
8000 1.03861 15319
9000 1.03774 15332.2
10000 1.03272 15407.7
11000 1.03597 15359
12000 1.03703 15343.3
13000 1.03951 15305.8
14000 1.02292 15553.9
15000 1.03292 15403.6
16000 1.0347 15376.9
17000 1.03954 15305.7
18000 1.03996 15299.7
19000 1.04028 15294.5
20000 1.04138 15278.4
21000 1.03498 15374.3
22000 1.03325 15399
23000 1.03682 15345.3
24000 1.04789 15184.1
25000 1.04521 15223.6
26000 1.04155 15275.9
27000 1.03963 15304.5
28000 1.04353 15247
29000 1.03883 15315.8
30000 1.04929 15163.5
31000 1.03924 15311.7
32000 1.05035 15148.7
33000 1.04706 15196.9
34000 1.04257 15260.8
35000 1.04115 15281.7
36000 1.02283 15556.3
37000 1.03673 15346.9
38000 1.03107 15430.9
39000 1.03914 15311.1
40000 1.03641 15352.2
41000 1.05502 15081.9
42000 1.03149 15424.6
43000 1.04444 15234
44000 1.02546 15515.5
45000 1.03841 15322.1
46000 1.04453 15232.4
47000 1.04311 15253.1
48000 1.03575 15361.8
49000 1.04438 15234.7
50000 1.04703 15196.3
51000 1.04263 15260.2
52000 1.03618 15355.8
53000 1.03711 15341.2
54000 1.03686 15345
55000 1.04448 15233.1
56000 1.03612 15357.2
57000 1.0414 15278
58000 1.04072 15290.4
59000 1.05839 15032.9
60000 1.06061 15002.2
61000 1.06189 14983.5
62000 1.05375 15100.6
63000 1.04229 15266
64000 1.03246 15410.4
65000 1.02732 15487.2
66000 1.03963 15304.1
67000 1.04349 15247.8
68000 1.03018 15445.3
69000 1.05203 15124
70000 1.05092 15139.7
71000 1.05494 15082.7
72000 1.0477 15187.2
73000 1.03972 15302.7
74000 1.04495 15226.6
75000 1.03855 15320.1
76000 1.03452 15380.6
77000 1.04021 15296.4
78000 1.04473 15229.6
79000 1.03816 15325.7
80000 1.03751 15335.6
81000 1.04289 15256.6
82000 1.04597 15211.2
83000 1.03911 15311.4
84000 1.03869 15319.1
85000 1.04227 15265.2
86000 1.04025 15295
87000 1.03821 15324.7
88000 1.0488 15170.2
89000 1.04856 15173.6
90000 1.04303 15254.1
91000 1.03807 15327.6
92000 1.04665 15201.6
93000 1.03964 15304
94000 1.04968 15159.2
95000 1.06312 14969.1
96000 1.06757 14903.6
97000 1.04866 15173
98000 1.03558 15364.2
99000 1.03841 15321.9
100000 1.0466 15203.2
101000 1.03527 15368.6
102000 1.04258 15261
103000 1.04254 15261.2
104000 1.04613 15210.4
105000 1.04643 15206.7
106000 1.04984 15155
107000 1.05266 15114.5
108000 1.04566 15215.8
109000 1.05505 15080.3
110000 1.04618 15210.2
111000 1.04335 15249.7
112000 1.03625 15354.6
113000 1.0339 15388.9
114000 1.04962 15158.1
115000 1.04615 15208.6
116000 1.03836 15323
117000 1.03961 15307.2
118000 1.04216 15267.5
119000 1.03034 15442.3
120000 1.04286 15256.8
121000 1.03891 15315.9
122000 1.04856 15174.1
123000 1.05088 15141
124000 1.0502 15150.9
125000 1.05884 15026.9
126000 1.04911 15165.9
127000 1.04197 15269.6
128000 1.03579 15360.8
129000 1.03819 15325.8
130000 1.04205 15269.4
131000 1.04931 15162.8
132000 1.05826 15034.5
133000 1.04104 15283.6
134000 1.04167 15274.1
135000 1.03926 15309.4
136000 1.04222 15266.4
137000 1.04039 15292.9
138000 1.04504 15224.6
139000 1.04906 15166.5
140000 1.05343 15103.6
141000 1.04787 15184.1
142000 1.03708 15343.4
143000 1.03938 15307.8
144000 1.03234 15412.2
145000 1.0378 15330.8
146000 1.04392 15241.1
147000 1.0357 15364
148000 1.04096 15284.4
149000 1.03768 15332.6
150000 1.04598 15211
151000 1.04326 15250.9
152000 1.0415 15276.6
153000 1.03986 15300.9
154000 1.03943 15308.1
155000 1.04703 15195.8
156000 1.03889 15316.2
157000 1.03365 15393.8
158000 1.04041 15292.8
159000 1.03461 15378.2
160000 1.03735 15337.8
161000 1.04478 15228.3
162000 1.03834 15323.5
163000 1.04462 15231.4
164000 1.05264 15115.9
165000 1.05238 15118.4
166000 1.03957 15305.2
167000 1.03358 15394
168000 1.04924 15165.7
169000 1.04253 15262.4
170000 1.0504 15147.4
171000 1.05288 15111.4
172000 1.03692 15344.3
173000 1.04057 15290.3
174000 1.05803 15038.1
175000 1.0592 15021.6
176000 1.03839 15322.5
177000 1.02824 15473.9
178000 1.04325 15251.8
179000 1.03916 15311.4
180000 1.038 15328.9
181000 1.02978 15450.3
182000 1.02576 15510.9
183000 1.03822 15324.8
184000 1.05198 15124.2
185000 1.05273 15113.4
186000 1.0501 15152.3
187000 1.04158 15275.4
188000 1.04544 15219.2
189000 1.05138 15134
190000 1.05448 15088.8
191000 1.0462 15207.9
192000 1.04034 15293.4
193000 1.0435 15247.8
194000 1.05278 15113
195000 1.02662 15497.8
196000 1.04761 15187.7
197000 1.04247 15264.9
198000 1.03806 15327.9
199000 1.04246 15262.2
200000 1.03487 15374.3
