# Time-averaged data for fix DENSAVG
# TimeStep v_dens v_vol
1000 1.04238 14861.3
2000 1.03446 14975.1
3000 1.04022 14892.9
4000 1.04445 14833.2
5000 1.0453 14820
6000 1.05177 14729.5
7000 1.04626 14806.9
8000 1.04601 14810
9000 1.05683 14658.4
10000 1.05211 14724
11000 1.04217 14865.1
12000 1.03785 14926.1
13000 1.03314 14994.4
14000 1.03419 14980.3
15000 1.047 14796
16000 1.03153 15018.9
17000 1.05212 14723.7
18000 1.05367 14703.2
19000 1.04997 14753.9
20000 1.04386 14840.6
21000 1.05466 14689.4
22000 1.04464 14829.7
23000 1.03816 14922.4
24000 1.05456 14690.3
25000 1.0591 14627.4
26000 1.05321 14708.5
27000 1.05216 14723.5
28000 1.05516 14682
29000 1.06627 14528.5
30000 1.06779 14508.7
31000 1.05686 14658.3
32000 1.0422 14864.5
33000 1.04551 14816.7
34000 1.03704 14938.5
35000 1.04693 14797.8
36000 1.05077 14744.1
37000 1.04862 14773
38000 1.04598 14811.8
39000 1.05467 14688.5
40000 1.026 15099
41000 1.03044 15035.9
42000 1.04729 14792.3
43000 1.044 14838.9
44000 1.03931 14905.9
45000 1.05719 14653.5
46000 1.04478 14827.4
47000 1.05056 14745.4
48000 1.04303 14852.5
49000 1.05395 14698.1
50000 1.05682 14658.3
51000 1.05357 14703.5
52000 1.03714 14936.6
53000 1.03873 14913.5
54000 1.04262 14858.3
55000 1.04505 14824
56000 1.03847 14918.4
57000 1.03036 15035.1
58000 1.03605 14952.2
59000 1.03552 14959.7
60000 1.02854 15061.4
61000 1.03205 15010.8
62000 1.02938 15049.5
63000 1.04549 14818.5
64000 1.04693 14796.7
65000 1.0402 14892.5
66000 1.04711 14794.7
67000 1.05724 14652.8
68000 1.05872 14634.6
69000 1.0484 14776.4
70000 1.06761 14513.1
71000 1.04948 14761.9
72000 1.05181 14728.3
73000 1.05738 14650.6
74000 1.07723 14382
75000 1.05794 14642.8
76000 1.05688 14657.4
77000 1.0611 14600
78000 1.05808 14640.9
79000 1.05008 14752.8
80000 1.04371 14842.6
81000 1.04408 14838.1
82000 1.04664 14801.1
83000 1.03162 15017.6
84000 1.04343 14846.6
85000 1.03244 15005.2
86000 1.0459 14812.2
87000 1.03828 14920.6
88000 1.04779 14784.7
89000 1.04155 14873.1
90000 1.05066 14745.9
91000 1.03897 14911
92000 1.04606 14809.6
93000 1.04734 14791
94000 1.03611 14951.7
95000 1.03414 14980.2
96000 1.04396 14839.1
97000 1.04678 14799.7
98000 1.04633 14805.5
99000 1.03762 14929.5
100000 1.06252 14581.9
101000 1.05378 14702.1
102000 1.04109 14880.1
103000 1.04342 14846.9
104000 1.04533 14819.5
105000 1.0489 14769.1
106000 1.06032 14611.3
107000 1.04679 14799.2
108000 1.04061 14888.4
109000 1.04059 14887.1
110000 1.05239 14720.2
111000 1.05469 14688.2
112000 1.03874 14913.8
113000 1.04261 14858.7
114000 1.04302 14852.6
115000 1.0513 14735.9
116000 1.02945 15048.3
117000 1.04614 14808.7
118000 1.05261 14716.9
119000 1.05829 14638.2
120000 1.03541 14963.2
121000 1.03541 14962.6
122000 1.03989 14896.8
123000 1.04037 14890.4
124000 1.03863 14915.6
125000 1.04052 14888.4
126000 1.03963 14900.7
127000 1.04078 14884.9
128000 1.04737 14790.5
129000 1.04727 14792
130000 1.0424 14862
131000 1.03545 14961.5
132000 1.04071 14885.5
133000 1.04418 14836.3
134000 1.04589 14812
135000 1.05783 14644.5
136000 1.05855 14635.4
137000 1.05637 14665.2
138000 1.05028 14749.9
139000 1.04745 14789.5
140000 1.02779 15072.5
141000 1.04127 14877.7
142000 1.04341 14846.8
143000 1.05257 14717.3
144000 1.06459 14551.5
145000 1.04871 14771.7
146000 1.05313 14709.6
147000 1.03452 14975.2
148000 1.04205 14866.3
149000 1.04085 14883.2
150000 1.04926 14764.4
151000 1.04493 14825.3
152000 1.05041 14747.8
153000 1.04325 14849
154000 1.04221 14863.8
155000 1.04463 14829.3
156000 1.05077 14743.3
157000 1.05045 14747.3
158000 1.05078 14742.7
159000 1.04958 14759.3
160000 1.04865 14772.7
161000 1.04201 14867
162000 1.04338 14848.3
163000 1.0518 14728.6
164000 1.04178 14869.8
165000 1.04873 14771.5
166000 1.05268 14716.1
167000 1.03602 14952.7
168000 1.03888 14911.5
169000 1.05451 14690.3
170000 1.05022 14750.8
171000 1.04884 14769.9
172000 1.04794 14783.7
173000 1.03791 14925.8
174000 1.03082 15027.8
175000 1.03062 15030.8
176000 1.03785 14926.7
177000 1.03595 14953.9
178000 1.05604 14669.6
179000 1.05071 14745.6
180000 1.04528 14822.3
181000 1.05081 14742.4
182000 1.04273 14856.4
183000 1.0564 14664.4
184000 1.05749 14649.8
185000 1.05329 14707.3
186000 1.06111 14599
187000 1.04938 14763.1
188000 1.04336 14847.6
189000 1.04762 14788.2
190000 1.03539 14962.7
191000 1.02551 15105.7
192000 1.04226 14863.3
193000 1.04341 14848.7
194000 1.0396 14901.3
195000 1.03808 14922.9
196000 1.02868 15059.9
197000 1.04458 14830.2
198000 1.0509 14740.9
199000 1.04704 14795.2
200000 1.04348 14846.9
