# Time-averaged data for fix DENSAVG
# TimeStep v_dens v_vol
1000 0.96032 28095.1
2000 0.95944 28121.7
3000 0.962609 28028.6
4000 0.961013 28075.3
5000 0.957024 28194.6
6000 0.962878 28020.9
7000 0.950067 28398.3
8000 0.951389 28358.9
9000 0.950794 28377.4
10000 0.955561 28237.2
11000 0.955061 28250.6
12000 0.955263 28243.8
13000 0.953975 28282.8
14000 0.953722 28290.1
15000 0.951411 28358.6
16000 0.951759 28348
17000 0.958671 28145.1
18000 0.9487 28439.3
19000 0.953112 28309.5
20000 0.949174 28425.7
21000 0.951258 28363
22000 0.957673 28172.9
23000 0.95175 28347.9
24000 0.955579 28234.3
25000 0.958306 28154.6
26000 0.963051 28015.4
27000 0.957567 28178.1
28000 0.957793 28169.3
29000 0.951423 28358
30000 0.954179 28276
31000 0.956187 28216.8
32000 0.962071 28044
33000 0.95409 28280
34000 0.958921 28136.1
35000 0.956067 28220.5
36000 0.967338 27892.9
37000 0.958348 28153.5
38000 0.966872 27905
39000 0.953635 28292.1
40000 0.963642 27998.3
41000 0.964258 27980.2
42000 0.964588 27970.6
43000 0.966745 27908.6
44000 0.957236 28187
45000 0.964154 27983.6
46000 0.960877 28078.9
47000 0.964752 27967.2
48000 0.962275 28038.3
49000 0.957037 28191.7
50000 0.958836 28138.4
51000 0.958995 28134.2
52000 0.951618 28351.9
53000 0.954182 28276.5
54000 0.953081 28308.7
55000 0.955651 28232.3
56000 0.962804 28024.3
57000 0.96418 27982.6
58000 0.958949 28135.5
59000 0.95589 28225.5
60000 0.955201 28245.5
61000 0.958129 28159.2
62000 0.95114 28366.4
63000 0.953583 28293.4
64000 0.958386 28151.8
65000 0.959209 28128.4
66000 0.956707 28201.9
67000 0.96421 27981.7
68000 0.956421 28211.3
69000 0.965182 27953.5
70000 0.968801 27849.1
71000 0.961743 28053.9
72000 0.96292 28020
73000 0.962562 28030.1
74000 0.964261 27980.9
75000 0.960525 28089.7
76000 0.956811 28198.5
77000 0.971678 27768.4
78000 0.974703 27680.8
79000 0.974383 27690
80000 0.969315 27834.4
81000 0.967773 27879.7
82000 0.976723 27626.1
83000 0.969502 27830.7
84000 0.970887 27789.4
85000 0.969699 27823.4
86000 0.970608 27797.5
87000 0.974504 27686.4
88000 0.97065 27797.1
89000 0.973901 27703.2
90000 0.9688 27850.6
91000 0.967587 27884.8
92000 0.965181 27954.1
93000 0.96649 27916.9
94000 0.959554 28117.5
95000 0.966958 27902.8
96000 0.969547 27828.3
97000 0.968864 27847.5
98000 0.962904 28020.3
99000 0.961466 28063.1
100000 0.967223 27895.5
101000 0.963007 28017.1
102000 0.963146 28013.1
103000 0.961567 28058.6
104000 0.964367 27978
105000 0.95974 28115.5
106000 0.962455 28033.5
107000 0.963421 28005.4
108000 0.96834 27863.7
109000 0.961259 28067.9
110000 0.969113 27840.2
111000 0.967734 27880
112000 0.966626 27911.9
113000 0.962762 28024.9
114000 0.971574 27769.5
115000 0.973682 27709.5
116000 0.966412 27918
117000 0.966378 27918.9
118000 0.96617 27924.9
119000 0.962802 28023.2
120000 0.967275 27892.9
121000 0.963698 27996.5
122000 0.966289 27921.4
123000 0.95951 28119.6
124000 0.96533 27949.9
125000 0.970457 27801.8
126000 0.968637 27854.5
127000 0.963363 28006.2
128000 0.964306 27979.2
129000 0.966286 27921.8
130000 0.964083 27985.5
131000 0.961421 28062.8
132000 0.958469 28149.9
133000 0.963852 27992.1
134000 0.966156 27925.3
135000 0.966526 27914.8
136000 0.966273 27922.7
137000 0.96445 27975.1
138000 0.961323 28067.4
139000 0.965343 27950.1
140000 0.969496 27829.7
141000 0.964112 27984.6
142000 0.967098 27898.9
143000 0.965645 27940.6
144000 0.965406 27946.9
145000 0.972353 27747.5
146000 0.966105 27927.8
147000 0.96732 27892.5
148000 0.964171 27983
149000 0.963899 27992.6
150000 0.963823 27993.1
151000 0.968456 27859.5
152000 0.963882 27991.3
153000 0.965298 27950.1
154000 0.961476 28061.5
155000 0.958452 28150.2
156000 0.961666 28055.8
157000 0.961862 28051.4
158000 0.960396 28092.9
159000 0.961697 28055.3
160000 0.954871 28256.4
161000 0.958106 28159.9
162000 0.961455 28063
163000 0.949708 28409.3
164000 0.957992 28163.4
165000 0.969117 27840.3
166000 0.965416 27946.8
167000 0.963658 27998.6
168000 0.963483 28003.9
169000 0.965773 27937.1
170000 0.972841 27733.3
171000 0.968351 27862
172000 0.96692 27903.3
173000 0.970443 27802
174000 0.973327 27720.4
175000 0.970588 27798.4
176000 0.97075 27793.1
177000 0.963244 28010.1
178000 0.965071 27956.7
179000 0.969189 27837.9
180000 0.968968 27844.4
181000 0.964662 27968.6
182000 0.966669 27910.5
183000 0.967328 27892
184000 0.967046 27900.1
185000 0.964206 27983.8
186000 0.964803 27966.1
187000 0.967275 27894.1
188000 0.960101 28101.6
189000 0.960319 28095.3
190000 0.956234 28215.5
191000 0.96262 28028.3
192000 0.958003 28163.1
193000 0.959842 28110.9
194000 0.967097 27898.8
195000 0.957801 28169
196000 0.959694 28113.6
197000 0.964489 27974.6
198000 0.960187 28099.4
199000 0.967014 27900.6
200000 0.961802 28052.5
