# Time-averaged data for fix DENSAVG
# TimeStep v_dens v_vol
1000 0.944467 20979
2000 0.943727 20996.6
3000 0.945657 20954.1
4000 0.950403 20850.6
5000 0.948233 20895.7
6000 0.945566 20955
7000 0.950069 20856.6
8000 0.949411 20869.6
9000 0.946395 20936.3
10000 0.951245 20830.5
11000 0.950652 20843
12000 0.942287 21027.9
13000 0.947201 20918.9
14000 0.946844 20927.1
15000 0.944624 20975.5
16000 0.939957 21080.2
17000 0.945387 20958.5
18000 0.9484 20892.7
19000 0.942352 21026.8
20000 0.940333 21071.2
21000 0.941099 21054.2
22000 0.945427 20958.7
23000 0.946584 20933
24000 0.946914 20925.1
25000 0.94958 20866.5
26000 0.946607 20931.6
27000 0.947464 20912.6
28000 0.947688 20909.6
29000 0.943975 20990.6
30000 0.945711 20952.1
31000 0.947885 20903.5
32000 0.947087 20921.2
33000 0.949505 20868.9
34000 0.953909 20771.9
35000 0.945048 20966.3
36000 0.948664 20886.2
37000 0.951518 20825.3
38000 0.952205 20808.7
39000 0.946501 20934
40000 0.946927 20924.4
41000 0.950927 20836.8
42000 0.943059 21010.8
43000 0.943138 21008.7
44000 0.940223 21076.9
45000 0.944406 20980.9
46000 0.949695 20863.9
47000 0.941363 21048.3
48000 0.942378 21025.5
49000 0.945011 20967.3
50000 0.953118 20788.6
51000 0.949645 20865.1
52000 0.946635 20930.9
53000 0.951816 20817.1
54000 0.951075 20834.5
55000 0.953046 20791
56000 0.947214 20918.9
57000 0.943858 20994.6
58000 0.948467 20890.9
59000 0.95339 20782.6
60000 0.954304 20764.3
61000 0.956672 20712.5
62000 0.954525 20758.7
63000 0.961056 20617.4
64000 0.965057 20531.9
65000 0.965153 20529.3
66000 0.963175 20571.8
67000 0.968008 20468.9
68000 0.961185 20613.9
69000 0.961881 20599.6
70000 0.964666 20539.8
71000 0.96726 20484.6
72000 0.970185 20423.3
73000 0.965517 20521.6
74000 0.960635 20626.2
75000 0.957552 20692.6
76000 0.962919 20578.1
77000 0.962533 20586.2
78000 0.956956 20705.4
79000 0.960761 20623.2
80000 0.958917 20662.9
81000 0.964152 20550.9
82000 0.965207 20528.1
83000 0.964515 20543
84000 0.965362 20525.2
85000 0.963005 20576.3
86000 0.962295 20590.8
87000 0.970734 20411.5
88000 0.965198 20528.7
89000 0.961851 20601.3
90000 0.960343 20632
91000 0.960993 20618.8
92000 0.958028 20682.6
93000 0.958605 20670.4
94000 0.959043 20660.3
95000 0.96188 20599
96000 0.958452 20672.9
97000 0.955452 20737.8
98000 0.952831 20796.8
99000 0.957968 20683.4
100000 0.9538 20773.9
101000 0.954517 20759.1
102000 0.959324 20656.2
103000 0.958434 20673.4
104000 0.956188 20721.7
105000 0.96 20640.1
106000 0.955625 20734
107000 0.957108 20701.9
108000 0.956168 20722.3
109000 0.954347 20764.4
110000 0.958981 20661.8
111000 0.960649 20625.5
112000 0.962749 20581.9
113000 0.963542 20563.8
114000 0.964073 20552.8
115000 0.963113 20574.2
116000 0.957917 20684.7
117000 0.964837 20536.2
118000 0.960444 20630.3
119000 0.952774 20796.7
120000 0.960979 20619.1
121000 0.960979 20618.5
122000 0.964761 20538.2
123000 0.97085 20409.8
124000 0.9685 20458.7
125000 0.967707 20475.5
126000 0.963192 20571.1
127000 0.962385 20588.8
128000 0.965844 20514.7
129000 0.962587 20584.4
130000 0.965046 20532
131000 0.961676 20604.1
132000 0.962588 20584.4
133000 0.966125 20508.7
134000 0.958092 20681.2
135000 0.964281 20548
136000 0.965057 20531.9
137000 0.967248 20485.4
138000 0.967402 20481.8
139000 0.968118 20466.4
140000 0.971139 20403.6
141000 0.97045 20417.2
142000 0.971484 20395.6
143000 0.964777 20537.2
144000 0.964543 20542.3
145000 0.9703 20422
146000 0.969215 20444.5
147000 0.969063 20446.4
148000 0.967602 20477.5
149000 0.96558 20521.1
150000 0.96847 20459.3
151000 0.96829 20466.9
152000 0.972994 20364
153000 0.968627 20455.7
154000 0.971297 20399.5
155000 0.966193 20507.4
156000 0.969268 20444.1
157000 0.965116 20531.1
158000 0.962999 20575.7
159000 0.968545 20457.3
160000 0.963077 20574.7
161000 0.965638 20520.5
162000 0.959286 20655.1
163000 0.965143 20529.9
164000 0.964855 20536.1
165000 0.962385 20588.3
166000 0.959359 20653.7
167000 0.961708 20603.1
168000 0.962255 20591.3
169000 0.959017 20661.4
170000 0.961177 20615.2
171000 0.961987 20600.9
172000 0.962953 20576.7
173000 0.972532 20373.5
174000 0.971291 20400.5
175000 0.972547 20374.3
176000 0.973184 20360
177000 0.965116 20531.3
178000 0.966005 20512.2
179000 0.972517 20373.8
180000 0.96919 20444.7
181000 0.968388 20460.8
182000 0.966985 20491.2
183000 0.963895 20556.6
184000 0.960318 20632.7
185000 0.960676 20625.9
186000 0.966171 20507.9
187000 0.966368 20503.6
188000 0.967148 20487
189000 0.966362 20503.6
190000 0.970105 20424.5
191000 0.97831 20253.5
192000 0.973211 20360.6
193000 0.9697 20433.5
194000 0.967974 20469.4
195000 0.967701 20475.1
196000 0.966835 20493.6
197000 0.970694 20412.6
198000 0.967479 20481.3
199000 0.966763 20495.7
200000 0.966736 20495.9
