# Time-averaged data for fix DENSAVG
# TimeStep v_dens v_vol
1000 1.14233 27522.3
2000 1.14731 27403.5
3000 1.14754 27397.6
4000 1.14448 27470.6
5000 1.14418 27478
6000 1.14122 27549.6
7000 1.14649 27422.7
8000 1.1444 27472.9
9000 1.14351 27493.9
10000 1.15083 27319.2
11000 1.14815 27383.4
12000 1.14863 27371.2
13000 1.15376 27249.8
14000 1.15585 27200.5
15000 1.15629 27190.8
16000 1.15936 27118.3
17000 1.16394 27011.6
18000 1.16257 27043.3
19000 1.16292 27034.9
20000 1.16139 27070.8
21000 1.15946 27115.7
22000 1.1619 27059.3
23000 1.15705 27172.2
24000 1.15696 27174
25000 1.16091 27082.9
26000 1.16558 26974.5
27000 1.16826 26911.5
28000 1.17503 26756.7
29000 1.17391 26781.9
30000 1.17601 26734.1
31000 1.17526 26751.1
32000 1.17906 26665.5
33000 1.18036 26635.6
34000 1.17632 26727
35000 1.17701 26712.1
36000 1.18153 26609.3
37000 1.1807 26628.2
38000 1.1832 26572.1
39000 1.18289 26579.2
40000 1.18339 26567.9
41000 1.18072 26627.5
42000 1.17848 26678.1
43000 1.18311 26573.5
44000 1.1806 26631
45000 1.18029 26637.5
46000 1.17844 26678.9
47000 1.18017 26640.1
48000 1.18398 26555
49000 1.18183 26603
50000 1.18288 26579
51000 1.18624 26503.7
52000 1.18033 26636.3
53000 1.18581 26513.3
54000 1.17834 26681.4
55000 1.17708 26709.8
56000 1.17518 26753.3
57000 1.18007 26642.9
58000 1.17781 26693.3
59000 1.18002 26643.4
60000 1.18111 26619
61000 1.17963 26652.3
62000 1.17622 26729.5
63000 1.17013 26868.4
64000 1.17721 26707
65000 1.17407 26778.1
66000 1.17307 26801.2
67000 1.1759 26736.6
68000 1.17827 26682.8
69000 1.17714 26708.4
70000 1.17761 26698.1
71000 1.17706 26710.3
72000 1.17831 26682
73000 1.17924 26661.3
74000 1.17907 26664.8
75000 1.18435 26545.8
76000 1.17755 26699.2
77000 1.1783 26682.3
78000 1.17861 26675.6
79000 1.17772 26695.3
80000 1.17814 26685.7
81000 1.17736 26703.5
82000 1.1756 26743.3
83000 1.17536 26749.1
84000 1.17235 26817.6
85000 1.17519 26753.8
86000 1.17333 26795.3
87000 1.17543 26747.4
88000 1.17552 26745.2
89000 1.17615 26730.7
90000 1.17514 26754.8
91000 1.17212 26822.7
92000 1.17752 26700.1
93000 1.17419 26775.5
94000 1.17032 26864
95000 1.17476 26762.7
96000 1.17291 26806
97000 1.17612 26731.6
98000 1.17615 26730.9
99000 1.17387 26782.8
100000 1.17516 26753.2
101000 1.17493 26759
102000 1.17282 26807.2
103000 1.16806 26916.5
104000 1.16703 26939.9
105000 1.173 26803
106000 1.17377 26785.3
107000 1.17026 26865.5
108000 1.16775 26923.2
109000 1.17225 26820
110000 1.17347 26792
111000 1.17528 26751.2
112000 1.17508 26755.3
113000 1.17793 26690.7
114000 1.17647 26724
115000 1.18 26643.7
116000 1.17871 26672.6
117000 1.17933 26658.9
118000 1.17608 26732.6
119000 1.1733 26796.5
120000 1.17424 26774.9
121000 1.17322 26797.9
122000 1.1749 26760
123000 1.17166 26833.3
124000 1.17302 26802.6
125000 1.17955 26653.9
126000 1.17925 26660.9
127000 1.18376 26559
128000 1.17926 26661.3
129000 1.18122 26616.2
130000 1.18314 26573.1
131000 1.17957 26653.4
132000 1.17978 26649.2
133000 1.17682 26716
134000 1.17304 26802.4
135000 1.17434 26772.5
136000 1.17854 26676.7
137000 1.17668 26718.8
138000 1.1785 26678
139000 1.17829 26682.6
140000 1.1795 26655
141000 1.17956 26653.4
142000 1.18047 26633.3
143000 1.18123 26615.8
144000 1.17802 26689
145000 1.18291 26578.2
146000 1.17671 26718.6
147000 1.17866 26674.2
148000 1.17022 26867.1
149000 1.17081 26852.8
150000 1.17264 26810.9
151000 1.17417 26775.8
152000 1.17443 26769.9
153000 1.17207 26824.2
154000 1.17629 26727.7
155000 1.17048 26860.7
156000 1.17043 26861.5
157000 1.17419 26775.7
158000 1.17726 26706.3
159000 1.17576 26740.1
160000 1.17871 26672.8
161000 1.17573 26740.8
162000 1.17407 26778.2
163000 1.17599 26734.6
164000 1.17715 26708.1
165000 1.1826 26585.7
166000 1.17965 26651.6
167000 1.18083 26624.9
168000 1.18561 26517.9
169000 1.17515 26754.2
170000 1.17589 26736.6
171000 1.17936 26658
172000 1.18027 26637.5
173000 1.17633 26726.9
174000 1.17943 26656.6
175000 1.18044 26633.7
176000 1.18047 26633.1
177000 1.18104 26620.2
178000 1.18129 26614.7
179000 1.18267 26583.5
180000 1.18767 26471.8
181000 1.18509 26529.6
182000 1.18375 26559.4
183000 1.1825 26588
184000 1.17813 26686
185000 1.17937 26658
186000 1.17865 26674.2
187000 1.18053 26631.8
188000 1.17815 26685.6
189000 1.18672 26492.9
190000 1.18236 26591.3
191000 1.17992 26645.6
192000 1.17747 26700.9
193000 1.17706 26710.5
194000 1.18098 26621.6
195000 1.1799 26646
196000 1.17871 26673.6
197000 1.1799 26646
198000 1.18264 26584.3
199000 1.18151 26609.6
200000 1.18056 26631.8
