# Time-averaged data for fix DENSAVG
# TimeStep v_dens v_vol
1000 1.04824 30502.1
2000 1.05812 30217.7
3000 1.05157 30405.1
4000 1.05091 30425.8
5000 1.05605 30276.3
6000 1.05059 30433.6
7000 1.04716 30534.4
8000 1.05057 30434.9
9000 1.05019 30446.1
10000 1.04883 30484.6
11000 1.04904 30479.8
12000 1.05625 30270.9
13000 1.0532 30358.1
14000 1.04847 30495.4
15000 1.05616 30273.9
16000 1.05175 30400
17000 1.06256 30091.4
18000 1.06542 30010.2
19000 1.06979 29887.8
20000 1.06958 29893.2
21000 1.06865 29919.1
22000 1.07122 29847.7
23000 1.07817 29656.8
24000 1.08482 29473.7
25000 1.08588 29444.3
26000 1.08213 29547
27000 1.09078 29312.6
28000 1.09024 29327
29000 1.0962 29167.8
30000 1.09277 29258.9
31000 1.08856 29372
32000 1.09651 29159.7
33000 1.08976 29340.1
34000 1.08651 29427.9
35000 1.09684 29150.3
36000 1.09467 29207.9
37000 1.08894 29362
38000 1.089 29361.1
39000 1.09074 29313.5
40000 1.09071 29314.2
41000 1.09932 29084.8
42000 1.09715 29142.7
43000 1.11046 28793.7
44000 1.10713 28880
45000 1.12235 28487.8
46000 1.1246 28431.3
47000 1.12754 28356.6
48000 1.12683 28374.6
49000 1.13002 28295.2
50000 1.13613 28142.5
51000 1.14241 27989
52000 1.14056 28033
53000 1.1374 28111
54000 1.1407 28029.8
55000 1.1388 28076.1
56000 1.1455 27911.9
57000 1.14349 27961.1
58000 1.14933 27819.7
59000 1.14324 27967.2
60000 1.15011 27799.9
61000 1.14209 27995.7
62000 1.14775 27858.2
63000 1.14586 27904.7
64000 1.14934 27819.1
65000 1.14359 27958.6
66000 1.1487 27834.2
67000 1.14548 27912.4
68000 1.14788 27854.3
69000 1.15065 27787.1
70000 1.15631 27652.2
71000 1.15325 27724.3
72000 1.15573 27665
73000 1.15636 27650
74000 1.15206 27753.7
75000 1.15102 27778
76000 1.15816 27606.8
77000 1.15635 27650
78000 1.15829 27604
79000 1.15311 27728.1
80000 1.15853 27598.2
81000 1.15722 27629.6
82000 1.15652 27646.2
83000 1.1617 27522.9
84000 1.1626 27501.4
85000 1.15552 27670.5
86000 1.15243 27744.1
87000 1.15102 27778.3
88000 1.16084 27543.8
89000 1.15603 27657.7
90000 1.1584 27601.3
91000 1.15664 27643.5
92000 1.16645 27411.1
93000 1.1653 27438.2
94000 1.16026 27556.9
95000 1.15397 27707.4
96000 1.15575 27664.7
97000 1.16216 27512.2
98000 1.1651 27442.5
99000 1.16223 27510.3
100000 1.16115 27535.7
101000 1.16638 27412.7
102000 1.16439 27459.2
103000 1.16424 27462.7
104000 1.16175 27521.6
105000 1.16153 27526.7
106000 1.164 27468.5
107000 1.15688 27638.1
108000 1.15766 27619.6
109000 1.15899 27587.2
110000 1.15939 27577.8
111000 1.16175 27521.5
112000 1.161 27539.6
113000 1.16056 27550.3
114000 1.16133 27532.1
115000 1.16227 27509.7
116000 1.1619 27518.1
117000 1.16264 27500.4
118000 1.16374 27475.1
119000 1.16248 27505
120000 1.16368 27476.3
121000 1.16293 27493.6
122000 1.16974 27333.7
123000 1.17077 27309.6
124000 1.16518 27440.7
125000 1.16963 27336.1
126000 1.17655 27175.7
127000 1.16889 27353.6
128000 1.16444 27458.1
129000 1.16398 27468.9
130000 1.1642 27463.8
131000 1.16215 27512.2
132000 1.165 27444.9
133000 1.16715 27394.3
134000 1.17258 27267.4
135000 1.16852 27363.1
136000 1.16456 27456
137000 1.16389 27471.3
138000 1.16749 27386.3
139000 1.16808 27372.9
140000 1.16768 27381.8
141000 1.15855 27598
142000 1.16676 27403.3
143000 1.16737 27389
144000 1.16866 27358.9
145000 1.16994 27329.3
146000 1.17381 27238.9
147000 1.17246 27270.2
148000 1.17534 27203.6
149000 1.18029 27089.6
150000 1.1741 27232.9
151000 1.17595 27189.3
152000 1.17514 27208.1
153000 1.17375 27240.8
154000 1.17351 27246
155000 1.17064 27312.8
156000 1.17353 27246.7
157000 1.17333 27250.3
158000 1.16954 27338.2
159000 1.17152 27292.5
160000 1.17127 27298.1
161000 1.16728 27392.7
162000 1.17375 27240.3
163000 1.17043 27318.1
164000 1.17226 27275
165000 1.17024 27321.8
166000 1.17199 27281.4
167000 1.16749 27386.4
168000 1.169 27350.9
169000 1.16895 27352.2
170000 1.16982 27334.2
171000 1.16988 27330.5
172000 1.17115 27301.1
173000 1.17126 27298.7
174000 1.17603 27187.7
175000 1.17345 27247.1
176000 1.17525 27205.4
177000 1.17471 27218.4
178000 1.1699 27330
179000 1.17408 27233.6
180000 1.17741 27156.3
181000 1.17553 27199.2
182000 1.17296 27258.7
183000 1.17388 27237.6
184000 1.17105 27303.1
185000 1.17769 27149
186000 1.17494 27212.5
187000 1.17699 27165.3
188000 1.18119 27068.8
189000 1.17492 27213.1
190000 1.17829 27135.7
191000 1.17442 27225
192000 1.17906 27118.3
193000 1.17772 27148.6
194000 1.17741 27156.1
195000 1.18006 27095.3
196000 1.17941 27109.3
197000 1.17663 27173.6
198000 1.17627 27181.9
199000 1.17819 27137.9
200000 1.17783 27146
