# Time-averaged data for fix DENSAVG
# TimeStep v_dens v_vol
1000 0.882667 22568.4
2000 0.885041 22509.3
3000 0.872565 22835.2
4000 0.867861 22953.5
5000 0.871262 22865.3
6000 0.86619 22998.1
7000 0.860334 23154.1
8000 0.872996 22819.7
9000 0.871899 22848
10000 0.875152 22762.9
11000 0.8707 22878.9
12000 0.87276 22825.2
13000 0.872758 22825.1
14000 0.877444 22703.5
15000 0.88244 22575.5
16000 0.874637 22783.2
17000 0.878087 22686.7
18000 0.870882 22873.7
19000 0.870585 22881.8
20000 0.876905 22716.7
21000 0.866113 23000.1
22000 0.869897 22901.3
23000 0.859388 23181.5
24000 0.867512 22963.3
25000 0.877219 22709
26000 0.875665 22749.7
27000 0.870794 22876.7
28000 0.866572 22988.4
29000 0.867513 22962.9
30000 0.865742 23009.6
31000 0.866298 22995.5
32000 0.875446 22754.7
33000 0.865106 23027.1
34000 0.878202 22685.1
35000 0.861529 23122.7
36000 0.872831 22823.4
37000 0.868407 22938.9
38000 0.864277 23049
39000 0.868737 22930.5
40000 0.880588 22624.8
41000 0.856795 23252
42000 0.873146 22814.6
43000 0.872991 22818.4
44000 0.878707 22670.9
45000 0.869269 22916.2
46000 0.87688 22717.5
47000 0.871264 22864.4
48000 0.876743 22721.4
49000 0.872911 22820.6
50000 0.872602 22828.7
51000 0.872643 22827.8
52000 0.872989 22819.5
53000 0.880714 22619.2
54000 0.879127 22659.5
55000 0.87641 22729.5
56000 0.874475 22779.7
57000 0.878123 22685.2
58000 0.882528 22573.4
59000 0.870816 22876
60000 0.88381 22539.2
61000 0.872968 22819.7
62000 0.874944 22768.5
63000 0.872594 22830.1
64000 0.886422 22473.4
65000 0.87955 22648.4
66000 0.883775 22541.2
67000 0.883744 22543.9
68000 0.881647 22596.4
69000 0.887421 22447.4
70000 0.88359 22544.9
71000 0.877195 22709.2
72000 0.880684 22619.6
73000 0.871504 22857.8
74000 0.881932 22588.1
75000 0.891989 22332.6
76000 0.898615 22168
77000 0.899182 22153.9
78000 0.897267 22202.3
79000 0.885528 22495.8
80000 0.893484 22295.1
81000 0.895081 22255.8
82000 0.889711 22392.1
83000 0.889229 22402
84000 0.891439 22346.8
85000 0.900992 22109.9
86000 0.908534 21926.4
87000 0.901738 22091.8
88000 0.899679 22141.7
89000 0.90644 21976.6
90000 0.902311 22078.2
91000 0.896286 22226.2
92000 0.91037 21882.8
93000 0.907197 21958.2
94000 0.910341 21882.3
95000 0.902573 22071.4
96000 0.910338 21882.3
97000 0.900019 22133.3
98000 0.898251 22177
99000 0.898773 22164.1
100000 0.903118 22060.2
101000 0.900151 22130.2
102000 0.891104 22354.8
103000 0.903721 22042.6
104000 0.905854 21991.8
105000 0.905414 22002.8
106000 0.901637 22093.7
107000 0.901474 22097.6
108000 0.904803 22016.2
109000 0.913064 21817.7
110000 0.900695 22118.3
111000 0.908626 21924.5
112000 0.9053 22004.4
113000 0.907233 21957.3
114000 0.90979 21896.5
115000 0.914575 21782.2
116000 0.900722 22115.9
117000 0.903412 22050.6
118000 0.900755 22115.6
119000 0.906244 21983.7
120000 0.896603 22218
121000 0.907197 21958.3
122000 0.90734 21954.8
123000 0.908862 21917.8
124000 0.904027 22035.1
125000 0.904509 22025.9
126000 0.904377 22028.6
127000 0.91104 21866.5
128000 0.907043 21962.8
129000 0.910529 21878
130000 0.906195 21982.6
131000 0.912102 21840.2
132000 0.910231 21885
133000 0.906598 21972.6
134000 0.907469 21951.5
135000 0.909135 21911.7
136000 0.907219 21957.6
137000 0.907779 21944.4
138000 0.904346 22028.3
139000 0.899357 22150.5
140000 0.901955 22086.2
141000 0.908594 21924.8
142000 0.905244 22005.7
143000 0.911723 21849.4
144000 0.913921 21796.7
145000 0.909128 21912
146000 0.917605 21709.4
147000 0.918028 21699.2
148000 0.911778 21848.2
149000 0.924678 21543.1
150000 0.90738 21954.2
151000 0.918792 21681
152000 0.916633 21732.2
153000 0.912353 21834.5
154000 0.915958 21748.6
155000 0.91403 21794.2
156000 0.901911 22087.1
157000 0.897642 22193.2
158000 0.900162 22130.6
159000 0.901286 22102.9
160000 0.898851 22165.3
161000 0.900007 22134.4
162000 0.894712 22264.8
163000 0.89185 22336.2
164000 0.898711 22165.8
165000 0.898003 22184.6
166000 0.909579 21901.1
167000 0.903163 22056.3
168000 0.904829 22015.6
169000 0.902131 22081.9
170000 0.912071 21841.2
171000 0.907784 21944.4
172000 0.902826 22064.8
173000 0.894568 22269.8
174000 0.911056 21865.9
175000 0.901038 22108.6
176000 0.909439 21904
177000 0.903976 22036.4
178000 0.905027 22010.7
179000 0.899332 22151.2
180000 0.906816 21967.4
181000 0.907166 21959.3
182000 0.896812 22213.2
183000 0.892901 22309.9
184000 0.901062 22107.6
185000 0.894258 22276
186000 0.892815 22312.2
187000 0.894737 22263.9
188000 0.899166 22154.1
189000 0.898957 22161
190000 0.903758 22042.5
191000 0.896586 22218.1
192000 0.891968 22333.7
193000 0.906412 21977.5
194000 0.897301 22201.1
195000 0.89463 22266.8
196000 0.905147 22008
197000 0.906789 21968.7
198000 0.899116 22156.9
199000 0.906307 21981.8
200000 0.89888 22162.5
