# Time-averaged data for fix DENSAVG
# TimeStep v_dens v_vol
1000 0.947625 28899.2
2000 0.960744 28505.5
3000 0.957568 28598.6
4000 0.955382 28665.1
5000 0.961261 28491.3
6000 0.961222 28490.4
7000 0.95946 28542.3
8000 0.958364 28574.8
9000 0.956924 28617.9
10000 0.96197 28468.6
11000 0.953538 28719.4
12000 0.956648 28626.8
13000 0.963774 28415.2
14000 0.955423 28663
15000 0.961185 28491.3
16000 0.955788 28651.9
17000 0.960953 28497.8
18000 0.959992 28526.3
19000 0.955537 28660
20000 0.961658 28477
21000 0.960161 28521.5
22000 0.957251 28608.1
23000 0.968252 28284.6
24000 0.959891 28530.1
25000 0.96013 28522.8
26000 0.955188 28670.7
27000 0.96335 28427.6
28000 0.957517 28600.6
29000 0.962141 28462.6
30000 0.963081 28434.9
31000 0.96996 28237.3
32000 0.965933 28351.1
33000 0.967783 28297.8
34000 0.95895 28558.3
35000 0.959488 28541.3
36000 0.961653 28477
37000 0.953295 28726.8
38000 0.956325 28636.1
39000 0.957596 28597.8
40000 0.959315 28546.6
41000 0.960848 28501.5
42000 0.952491 28752
43000 0.952767 28743.5
44000 0.952903 28738.6
45000 0.949575 28839.4
46000 0.956824 28621.1
47000 0.956421 28635.3
48000 0.958237 28579
49000 0.952375 28754.9
50000 0.957903 28588.5
51000 0.960108 28523.2
52000 0.95311 28732.3
53000 0.956021 28644.8
54000 0.958385 28575.3
55000 0.947769 28894.2
56000 0.952951 28738.1
57000 0.95598 28646.2
58000 0.95117 28791.9
59000 0.961416 28484.1
60000 0.95568 28655
61000 0.954756 28683
62000 0.955672 28655.6
63000 0.948229 28881
64000 0.948255 28880.4
65000 0.951813 28772.6
66000 0.943635 29022
67000 0.950856 28800.4
68000 0.952963 28737.2
69000 0.937879 29199
70000 0.945427 28966.3
71000 0.940819 29107.7
72000 0.954298 28697.3
73000 0.944497 28994.5
74000 0.948664 28866.9
75000 0.942963 29041.6
76000 0.9431 29040.2
77000 0.949617 28838.5
78000 0.946175 28943.6
79000 0.950851 28800.8
80000 0.954449 28693.4
81000 0.950198 28821.5
82000 0.942072 29069.8
83000 0.946849 28922.5
84000 0.94751 28902.2
85000 0.946113 28945.2
86000 0.950832 28802.2
87000 0.954481 28692.2
88000 0.947981 28887.9
89000 0.94257 29055.8
90000 0.952791 28742.4
91000 0.953076 28734
92000 0.952827 28741
93000 0.957822 28591.1
94000 0.94978 28833.2
95000 0.952593 28748.9
96000 0.942596 29054
97000 0.951127 28794.1
98000 0.953712 28715.7
99000 0.942982 29041
100000 0.935197 29282.8
101000 0.939777 29142
102000 0.946306 28942.7
103000 0.945088 28977.1
104000 0.942609 29052.5
105000 0.95011 28825.8
106000 0.94547 28965.1
107000 0.941588 29084
108000 0.948318 28877.8
109000 0.945879 28952.8
110000 0.953146 28731.7
111000 0.941251 29095.1
112000 0.947064 28915.9
113000 0.946159 28944
114000 0.949036 28855.9
115000 0.957821 28592.2
116000 0.952727 28744
117000 0.94807 28886.8
118000 0.949171 28852
119000 0.95681 28622.7
120000 0.951079 28794.8
121000 0.952751 28745.2
122000 0.950068 28825
123000 0.95117 28791.3
124000 0.951759 28773.4
125000 0.957174 28611.9
126000 0.947263 28910
127000 0.943999 29009.6
128000 0.957631 28597.5
129000 0.944517 28994.3
130000 0.949201 28851.6
131000 0.942439 29057.6
132000 0.949909 28829.1
133000 0.955733 28653.9
134000 0.947139 28915
135000 0.950633 28808.6
136000 0.951094 28794.3
137000 0.944316 29000.2
138000 0.949189 28852.7
139000 0.946147 28944.1
140000 0.948306 28878
141000 0.949873 28830.6
142000 0.946526 28933.4
143000 0.952408 28754.3
144000 0.946384 28936.9
145000 0.952528 28751.5
146000 0.955152 28671
147000 0.955305 28666.6
148000 0.952326 28756.5
149000 0.959036 28555.3
150000 0.967604 28303.5
151000 0.959438 28544.1
152000 0.95839 28575
153000 0.950381 28815.8
154000 0.964151 28403.4
155000 0.959689 28535.3
156000 0.953997 28707.6
157000 0.960161 28523.2
158000 0.954807 28681.2
159000 0.96609 28346.3
160000 0.956134 28641.7
161000 0.965371 28368.2
162000 0.965354 28368.7
163000 0.958704 28565.1
164000 0.955805 28651.9
165000 0.96624 28341.8
166000 0.960983 28497.6
167000 0.964844 28383.2
168000 0.961249 28489.2
169000 0.971313 28195.5
170000 0.964325 28398.3
171000 0.965135 28375
172000 0.965504 28363.6
173000 0.963521 28422.9
174000 0.956833 28623.4
175000 0.959763 28533.1
176000 0.962644 28447.9
177000 0.967435 28307
178000 0.961503 28481.6
179000 0.967914 28294.1
180000 0.966905 28323.4
181000 0.966473 28335.3
182000 0.976211 28054
183000 0.976695 28038.4
184000 0.970116 28228.6
185000 0.969224 28254.6
186000 0.97328 28137
187000 0.972827 28151
188000 0.968452 28277.6
189000 0.967534 28305.8
190000 0.965416 28365.9
191000 0.967737 28298
192000 0.960812 28502.5
193000 0.966203 28343.3
194000 0.962754 28445.2
195000 0.96617 28344.2
196000 0.960854 28501.3
197000 0.969227 28255.4
198000 0.975015 28086.9
199000 0.962838 28444.7
200000 0.967495 28305.3
