# Time-averaged data for fix DENSAVG
# TimeStep v_dens v_vol
1000 1.09413 25925.1
2000 1.10131 25756.5
3000 1.10231 25733.4
4000 1.10294 25718.1
5000 1.10638 25638.7
6000 1.11287 25488.6
7000 1.10909 25575.8
8000 1.11361 25471.5
9000 1.1068 25628.9
10000 1.1185 25361.7
11000 1.12137 25295.5
12000 1.1208 25308
13000 1.12607 25189.8
14000 1.11835 25364.2
15000 1.12255 25269.1
16000 1.12326 25252.9
17000 1.13317 25031.9
18000 1.13441 25005.1
19000 1.13628 24963.4
20000 1.13431 25007.2
21000 1.13633 24962.7
22000 1.13502 24991.3
23000 1.13449 25004
24000 1.13117 25076.3
25000 1.13518 24987.6
26000 1.13457 25000.8
27000 1.1411 24858.3
28000 1.14391 24797.1
29000 1.14761 24717
30000 1.14755 24718.2
31000 1.14046 24872.1
32000 1.14066 24867.4
33000 1.14283 24820.7
34000 1.14343 24807.4
35000 1.14733 24723.7
36000 1.15159 24632
37000 1.1458 24756.5
38000 1.14547 24764.3
39000 1.14811 24706.3
40000 1.15195 24624.3
41000 1.15804 24494.4
42000 1.15868 24480.8
43000 1.15416 24576.7
44000 1.1593 24468.3
45000 1.16078 24437
46000 1.1601 24451.3
47000 1.15822 24490.6
48000 1.16409 24367.6
49000 1.1677 24292.5
50000 1.16472 24354
51000 1.1624 24402.7
52000 1.16262 24398.4
53000 1.16327 24384.9
54000 1.16366 24376.7
55000 1.16639 24319.6
56000 1.16975 24249
57000 1.16794 24286.8
58000 1.16762 24293.3
59000 1.16498 24348.7
60000 1.16883 24268.4
61000 1.16017 24449.8
62000 1.16284 24393.3
63000 1.16122 24427.8
64000 1.16359 24377.6
65000 1.16321 24385.8
66000 1.16713 24303.9
67000 1.16668 24313
68000 1.16935 24258
69000 1.1742 24157.4
70000 1.16925 24259.9
71000 1.17118 24219.7
72000 1.16658 24314.9
73000 1.16748 24296.3
74000 1.16873 24270.5
75000 1.17217 24199.3
76000 1.17023 24239.7
77000 1.17223 24197.9
78000 1.17214 24199.6
79000 1.17525 24135.6
80000 1.17062 24232.1
81000 1.16718 24302.8
82000 1.17021 24239.7
83000 1.17053 24233
84000 1.17344 24172.8
85000 1.17734 24093
86000 1.17302 24181.6
87000 1.1724 24194.9
88000 1.17341 24173.7
89000 1.1758 24124.9
90000 1.17856 24067.8
91000 1.17864 24066.7
92000 1.18185 24000.7
93000 1.17744 24091
94000 1.1752 24136.6
95000 1.17081 24227.4
96000 1.17252 24191.8
97000 1.17442 24153.4
98000 1.17201 24202.7
99000 1.1736 24169.6
100000 1.17106 24222.3
101000 1.17292 24183.7
102000 1.17213 24200.4
103000 1.17023 24240.1
104000 1.17202 24202.3
105000 1.17393 24163.1
106000 1.17545 24131.9
107000 1.17903 24059
108000 1.17829 24073.6
109000 1.17772 24084.9
110000 1.17533 24134.1
111000 1.17486 24143.8
112000 1.16993 24245.3
113000 1.17155 24211.7
114000 1.17436 24155.7
115000 1.17642 24112.5
116000 1.1776 24087.4
117000 1.17183 24206.6
118000 1.17477 24145.6
119000 1.16982 24247.7
120000 1.17396 24162.3
121000 1.17397 24162.3
122000 1.17416 24158.1
123000 1.17567 24127.2
124000 1.17407 24160.3
125000 1.17633 24113.8
126000 1.17385 24165.2
127000 1.17447 24151.6
128000 1.17258 24190.7
129000 1.17435 24154.2
130000 1.17533 24134
131000 1.17404 24160.5
132000 1.17024 24239.9
133000 1.17279 24186.4
134000 1.17765 24086.2
135000 1.17675 24105.5
136000 1.17425 24156.8
137000 1.17475 24146.4
138000 1.17505 24139.8
139000 1.17361 24169.8
140000 1.1796 24047.2
141000 1.17796 24080.2
142000 1.17832 24073.6
143000 1.17937 24051.4
144000 1.18392 23959
145000 1.18157 24008.6
146000 1.17609 24119
147000 1.18368 23964.2
148000 1.18393 23958.9
149000 1.17914 24056
150000 1.18207 23996.3
151000 1.18166 24005
152000 1.18044 24030.7
153000 1.18274 23983
154000 1.18425 23952.1
155000 1.18427 23951.7
156000 1.18273 23983.2
157000 1.17933 24052.4
158000 1.17978 24043.3
159000 1.17805 24078.7
160000 1.18054 24028
161000 1.18045 24029.3
162000 1.17641 24111.8
163000 1.1753 24134.6
164000 1.17479 24145.2
165000 1.17436 24153.9
166000 1.18059 24026.5
167000 1.18367 23965.2
168000 1.17843 24070.9
169000 1.18062 24026.5
170000 1.17982 24042.5
171000 1.18055 24027.4
172000 1.18042 24030.4
173000 1.17948 24049.2
174000 1.17637 24113.1
175000 1.17678 24104.5
176000 1.17543 24132.4
177000 1.17819 24075.8
178000 1.17914 24056
179000 1.17904 24058.3
180000 1.1798 24042.8
181000 1.18525 23933
182000 1.18111 24016
183000 1.17796 24080
184000 1.18267 23984.4
185000 1.1839 23960.5
186000 1.18465 23944.1
187000 1.18349 23967.6
188000 1.18103 24017.5
189000 1.18106 24016.9
190000 1.18159 24006.8
191000 1.1832 23973.7
192000 1.18443 23948.8
193000 1.18475 23942.6
194000 1.1849 23939.5
195000 1.18477 23942.2
196000 1.18019 24034.9
197000 1.18317 23974.4
198000 1.18501 23936.9
199000 1.1834 23969.7
200000 1.18394 23958.4
